Number of Cities: 20
Number of Cities: 20Starting point: 1
Ending point: 5

EdgeMatrix: 
	1	2	3	4	5	6	7	8	9	10	11	12	13	14	15	16	17	18	19	20
1	0	INF	INF	4	99	2	98	6	INF	8	INF	91	96	10	4	4	INF	98	INF	93	
2	INF	0	INF	93	INF	93	7	INF	4	INF	INF	1	97	INF	INF	9	92	96	INF	9	
3	INF	2	0	INF	90	5	INF	INF	INF	INF	5	INF	98	INF	INF	INF	91	INF	7	INF	
4	INF	INF	INF	0	97	INF	1	INF	INF	INF	INF	INF	INF	INF	96	INF	99	INF	8	94	
5	INF	95	INF	95	0	INF	91	INF	INF	INF	10	INF	INF	INF	INF	94	INF	INF	93	INF	
6	INF	INF	97	INF	INF	0	2	INF	97	INF	93	INF	INF	96	91	INF	INF	INF	INF	98	
7	97	91	INF	8	INF	INF	0	INF	94	92	INF	INF	9	INF	98	INF	INF	6	INF	INF	
8	INF	96	94	96	99	2	INF	0	95	INF	INF	93	INF	96	INF	INF	3	10	INF	INF	
9	INF	98	INF	INF	98	92	95	93	0	90	95	INF	INF	6	INF	INF	INF	INF	98	INF	
10	98	INF	INF	91	INF	7	INF	INF	98	0	94	7	93	96	INF	INF	95	INF	1	92	
11	INF	10	INF	6	INF	1	93	INF	INF	8	0	INF	92	6	INF	INF	90	INF	INF	INF	
12	INF	90	97	99	5	INF	INF	95	INF	INF	INF	0	INF	8	INF	INF	2	96	INF	INF	
13	INF	INF	91	7	95	INF	INF	INF	INF	93	93	INF	0	INF	INF	INF	10	INF	2	INF	
14	INF	INF	INF	INF	92	INF	INF	92	92	95	96	7	97	0	2	INF	INF	91	INF	95	
15	94	INF	91	INF	INF	INF	90	94	INF	7	2	INF	96	INF	0	INF	INF	INF	INF	9	
16	INF	95	1	7	INF	INF	INF	INF	2	INF	96	INF	99	6	97	0	10	6	INF	INF	
17	1	91	90	INF	INF	INF	INF	INF	INF	INF	INF	3	10	INF	INF	INF	0	5	99	92	
18	INF	3	8	8	INF	INF	INF	INF	94	INF	96	INF	INF	95	INF	99	INF	0	94	6	
19	INF	1	INF	INF	INF	INF	INF	90	94	7	INF	93	96	8	INF	91	3	INF	0	INF	
20	INF	INF	92	10	6	97	94	INF	96	95	INF	97	INF	INF	INF	96	INF	INF	INF	0	

FlowMatrix: 
	1	2	3	4	5	6	7	8	9	10	11	12	13	14	15	16	17	18	19	20
1	0	0	0	0	0	10	0	96	0	1	0	9	0	0	0	0	0	9	0	0	
2	0	0	7	8	6	0	0	0	0	0	0	99	0	91	0	93	0	0	90	0	
3	0	97	0	7	8	5	0	0	0	0	0	1	91	94	0	2	0	0	90	0	
4	0	9	0	0	0	0	0	0	0	0	10	5	0	0	95	0	0	90	0	0	
5	0	9	0	0	0	0	0	95	0	1	0	0	0	0	0	0	2	7	4	0	
6	0	0	3	0	9	0	0	0	0	0	4	2	0	0	6	0	0	96	0	0	
7	3	0	0	0	6	6	0	0	0	0	0	0	94	10	2	8	0	4	0	0	
8	0	0	0	0	0	0	0	0	0	0	0	95	0	0	0	0	0	0	0	5	
9	95	8	0	0	0	0	0	99	0	0	9	98	0	93	0	0	0	90	0	0	
10	6	0	0	7	95	93	99	0	4	0	0	8	0	0	1	0	0	3	0	90	
11	8	6	0	0	8	0	0	0	0	0	0	92	0	5	0	4	3	95	0	0	
12	1	9	0	4	99	0	0	0	0	0	90	0	2	5	0	0	0	95	0	5	
13	10	4	8	0	8	10	94	0	0	0	0	0	0	0	0	0	2	0	6	0	
14	0	4	0	0	2	0	0	1	0	3	3	8	0	0	2	1	0	0	0	10	
15	4	0	1	0	0	0	0	0	3	0	0	0	0	0	0	0	0	0	1	0	
16	7	0	0	10	0	95	0	0	0	0	0	0	2	93	1	0	0	8	0	0	
17	91	6	1	0	91	99	0	0	10	4	0	0	0	0	9	0	0	0	0	0	
18	0	0	0	90	0	0	0	0	9	0	0	0	6	7	0	0	0	0	0	3	
19	8	0	0	0	7	0	0	90	0	0	0	0	0	10	0	0	0	6	0	6	
20	0	7	0	9	8	9	0	0	0	3	0	0	7	0	7	0	7	8	9	0	

All-Pairs Shortest Path Matrix:
	1	2	3	4	5	6	7	8	9	10	11	12	13	14	15	16	17	18	19	20
1	0	7	5	4	13	2	4	6	6	8	6	8	13	10	4	4	9	10	9	13	
2	4	0	9	8	6	6	7	10	4	12	10	1	13	9	8	8	3	8	13	9	
3	6	2	0	10	8	5	7	12	6	13	5	3	15	11	10	10	5	10	7	11	
4	12	9	15	0	15	14	1	18	13	15	18	10	10	16	16	16	11	7	8	13	
5	23	20	27	16	0	11	13	29	24	18	10	21	22	16	18	27	22	19	19	25	
6	15	11	16	10	17	0	2	21	15	20	21	12	11	20	19	19	14	8	13	14	
7	13	9	14	8	15	15	0	19	13	18	19	10	9	18	17	17	12	6	11	12	
8	4	11	9	8	11	2	4	0	10	12	10	6	13	14	8	8	3	8	13	14	
9	16	17	21	16	18	11	13	22	0	15	10	13	22	6	8	20	15	19	16	17	
10	5	2	10	9	8	7	9	11	6	0	11	3	14	9	9	9	4	9	1	11	
11	13	10	17	6	16	1	3	19	14	8	0	11	12	6	8	17	12	9	9	15	
12	3	10	8	7	5	5	7	9	9	11	9	0	12	8	7	7	2	7	12	13	
13	6	3	11	7	9	8	8	12	7	9	12	4	0	10	10	10	5	10	2	12	
14	10	11	15	10	12	5	7	16	15	9	4	7	16	0	2	14	9	13	10	11	
15	12	9	17	8	15	3	5	18	13	7	2	10	14	8	0	16	11	11	8	9	
16	7	3	1	7	9	6	8	13	2	14	6	4	16	6	8	0	6	6	8	12	
17	1	8	6	5	8	3	5	7	7	9	7	3	10	11	5	5	0	5	10	11	
18	7	3	8	8	9	9	9	13	7	15	13	4	16	12	11	11	6	0	15	6	
19	4	1	9	8	7	6	8	10	5	7	10	2	13	8	8	8	3	8	0	10	
20	22	19	25	10	6	17	11	28	23	24	16	20	20	22	24	26	21	17	18	0	
Computation took 0.66884 milliseconds

Actual Shortest-Paths:
1 -> 	1: [ 1 ]; 	2: [ 1 16 3 2 ]; 	3: [ 1 16 3 ]; 	4: [ 1 4 ]; 	5: [ 1 16 3 2 12 5 ]; 	6: [ 1 6 ]; 	7: [ 1 6 7 ]; 	8: [ 1 8 ]; 	9: [ 1 16 9 ]; 	10: [ 1 10 ]; 	11: [ 1 15 11 ]; 	12: [ 1 16 3 2 12 ]; 	13: [ 1 6 7 13 ]; 	14: [ 1 14 ]; 	15: [ 1 15 ]; 	16: [ 1 16 ]; 	17: [ 1 8 17 ]; 	18: [ 1 6 7 18 ]; 	19: [ 1 10 19 ]; 	20: [ 1 15 20 ]; 
2 -> 	1: [ 2 12 17 1 ]; 	2: [ 2 ]; 	3: [ 2 12 17 1 16 3 ]; 	4: [ 2 12 17 1 4 ]; 	5: [ 2 12 5 ]; 	6: [ 2 12 17 1 6 ]; 	7: [ 2 7 ]; 	8: [ 2 12 17 1 8 ]; 	9: [ 2 9 ]; 	10: [ 2 12 17 1 10 ]; 	11: [ 2 12 17 1 15 11 ]; 	12: [ 2 12 ]; 	13: [ 2 12 17 13 ]; 	14: [ 2 12 14 ]; 	15: [ 2 12 17 1 15 ]; 	16: [ 2 12 17 1 16 ]; 	17: [ 2 12 17 ]; 	18: [ 2 12 17 18 ]; 	19: [ 2 12 17 1 10 19 ]; 	20: [ 2 20 ]; 
3 -> 	1: [ 3 2 12 17 1 ]; 	2: [ 3 2 ]; 	3: [ 3 ]; 	4: [ 3 2 12 17 1 4 ]; 	5: [ 3 2 12 5 ]; 	6: [ 3 6 ]; 	7: [ 3 6 7 ]; 	8: [ 3 2 12 17 1 8 ]; 	9: [ 3 2 9 ]; 	10: [ 3 11 10 ]; 	11: [ 3 11 ]; 	12: [ 3 2 12 ]; 	13: [ 3 2 12 17 13 ]; 	14: [ 3 11 14 ]; 	15: [ 3 2 12 17 1 15 ]; 	16: [ 3 2 12 17 1 16 ]; 	17: [ 3 2 12 17 ]; 	18: [ 3 2 12 17 18 ]; 	19: [ 3 19 ]; 	20: [ 3 2 20 ]; 
4 -> 	1: [ 4 19 17 1 ]; 	2: [ 4 19 2 ]; 	3: [ 4 7 18 3 ]; 	4: [ 4 ]; 	5: [ 4 19 2 12 5 ]; 	6: [ 4 19 17 1 6 ]; 	7: [ 4 7 ]; 	8: [ 4 19 17 1 8 ]; 	9: [ 4 19 2 9 ]; 	10: [ 4 19 10 ]; 	11: [ 4 19 17 1 15 11 ]; 	12: [ 4 19 2 12 ]; 	13: [ 4 7 13 ]; 	14: [ 4 19 14 ]; 	15: [ 4 19 17 1 15 ]; 	16: [ 4 19 17 1 16 ]; 	17: [ 4 19 17 ]; 	18: [ 4 7 18 ]; 	19: [ 4 19 ]; 	20: [ 4 7 18 20 ]; 
5 -> 	1: [ 5 11 10 19 17 1 ]; 	2: [ 5 11 2 ]; 	3: [ 5 11 6 7 18 3 ]; 	4: [ 5 11 4 ]; 	5: [ 5 ]; 	6: [ 5 11 6 ]; 	7: [ 5 11 6 7 ]; 	8: [ 5 11 10 19 17 1 8 ]; 	9: [ 5 11 2 9 ]; 	10: [ 5 11 10 ]; 	11: [ 5 11 ]; 	12: [ 5 11 2 12 ]; 	13: [ 5 11 6 7 13 ]; 	14: [ 5 11 14 ]; 	15: [ 5 11 14 15 ]; 	16: [ 5 11 10 19 17 1 16 ]; 	17: [ 5 11 10 19 17 ]; 	18: [ 5 11 6 7 18 ]; 	19: [ 5 11 10 19 ]; 	20: [ 5 11 6 7 18 20 ]; 
6 -> 	1: [ 6 7 18 2 12 17 1 ]; 	2: [ 6 7 18 2 ]; 	3: [ 6 7 18 3 ]; 	4: [ 6 7 4 ]; 	5: [ 6 7 18 2 12 5 ]; 	6: [ 6 ]; 	7: [ 6 7 ]; 	8: [ 6 7 18 2 12 17 1 8 ]; 	9: [ 6 7 18 2 9 ]; 	10: [ 6 7 13 19 10 ]; 	11: [ 6 7 18 3 11 ]; 	12: [ 6 7 18 2 12 ]; 	13: [ 6 7 13 ]; 	14: [ 6 7 18 2 12 14 ]; 	15: [ 6 7 18 2 12 17 1 15 ]; 	16: [ 6 7 18 2 12 17 1 16 ]; 	17: [ 6 7 18 2 12 17 ]; 	18: [ 6 7 18 ]; 	19: [ 6 7 13 19 ]; 	20: [ 6 7 18 20 ]; 
7 -> 	1: [ 7 18 2 12 17 1 ]; 	2: [ 7 18 2 ]; 	3: [ 7 18 3 ]; 	4: [ 7 4 ]; 	5: [ 7 18 2 12 5 ]; 	6: [ 7 18 2 12 17 1 6 ]; 	7: [ 7 ]; 	8: [ 7 18 2 12 17 1 8 ]; 	9: [ 7 18 2 9 ]; 	10: [ 7 13 19 10 ]; 	11: [ 7 18 3 11 ]; 	12: [ 7 18 2 12 ]; 	13: [ 7 13 ]; 	14: [ 7 18 2 12 14 ]; 	15: [ 7 18 2 12 17 1 15 ]; 	16: [ 7 18 2 12 17 1 16 ]; 	17: [ 7 18 2 12 17 ]; 	18: [ 7 18 ]; 	19: [ 7 13 19 ]; 	20: [ 7 18 20 ]; 
8 -> 	1: [ 8 17 1 ]; 	2: [ 8 17 1 16 3 2 ]; 	3: [ 8 17 1 16 3 ]; 	4: [ 8 17 1 4 ]; 	5: [ 8 17 12 5 ]; 	6: [ 8 6 ]; 	7: [ 8 6 7 ]; 	8: [ 8 ]; 	9: [ 8 17 1 16 9 ]; 	10: [ 8 17 1 10 ]; 	11: [ 8 17 1 15 11 ]; 	12: [ 8 17 12 ]; 	13: [ 8 6 7 13 ]; 	14: [ 8 17 1 14 ]; 	15: [ 8 17 1 15 ]; 	16: [ 8 17 1 16 ]; 	17: [ 8 17 ]; 	18: [ 8 17 18 ]; 	19: [ 8 17 1 10 19 ]; 	20: [ 8 17 18 20 ]; 
9 -> 	1: [ 9 14 12 17 1 ]; 	2: [ 9 14 15 10 19 2 ]; 	3: [ 9 14 12 17 1 16 3 ]; 	4: [ 9 14 15 11 4 ]; 	5: [ 9 14 12 5 ]; 	6: [ 9 14 15 11 6 ]; 	7: [ 9 14 15 11 6 7 ]; 	8: [ 9 14 12 17 1 8 ]; 	9: [ 9 ]; 	10: [ 9 14 15 10 ]; 	11: [ 9 14 15 11 ]; 	12: [ 9 14 12 ]; 	13: [ 9 14 15 11 6 7 13 ]; 	14: [ 9 14 ]; 	15: [ 9 14 15 ]; 	16: [ 9 14 12 17 1 16 ]; 	17: [ 9 14 12 17 ]; 	18: [ 9 14 15 11 6 7 18 ]; 	19: [ 9 14 15 10 19 ]; 	20: [ 9 14 15 20 ]; 
10 -> 	1: [ 10 19 17 1 ]; 	2: [ 10 19 2 ]; 	3: [ 10 19 17 1 16 3 ]; 	4: [ 10 19 17 1 4 ]; 	5: [ 10 19 2 12 5 ]; 	6: [ 10 6 ]; 	7: [ 10 6 7 ]; 	8: [ 10 19 17 1 8 ]; 	9: [ 10 19 2 9 ]; 	10: [ 10 ]; 	11: [ 10 19 17 1 15 11 ]; 	12: [ 10 19 2 12 ]; 	13: [ 10 19 17 13 ]; 	14: [ 10 19 14 ]; 	15: [ 10 19 17 1 15 ]; 	16: [ 10 19 17 1 16 ]; 	17: [ 10 19 17 ]; 	18: [ 10 19 17 18 ]; 	19: [ 10 19 ]; 	20: [ 10 19 2 20 ]; 
11 -> 	1: [ 11 10 19 17 1 ]; 	2: [ 11 2 ]; 	3: [ 11 6 7 18 3 ]; 	4: [ 11 4 ]; 	5: [ 11 2 12 5 ]; 	6: [ 11 6 ]; 	7: [ 11 6 7 ]; 	8: [ 11 10 19 17 1 8 ]; 	9: [ 11 2 9 ]; 	10: [ 11 10 ]; 	11: [ 11 ]; 	12: [ 11 2 12 ]; 	13: [ 11 6 7 13 ]; 	14: [ 11 14 ]; 	15: [ 11 14 15 ]; 	16: [ 11 10 19 17 1 16 ]; 	17: [ 11 10 19 17 ]; 	18: [ 11 6 7 18 ]; 	19: [ 11 10 19 ]; 	20: [ 11 6 7 18 20 ]; 
12 -> 	1: [ 12 17 1 ]; 	2: [ 12 17 1 16 3 2 ]; 	3: [ 12 17 1 16 3 ]; 	4: [ 12 17 1 4 ]; 	5: [ 12 5 ]; 	6: [ 12 17 1 6 ]; 	7: [ 12 17 1 6 7 ]; 	8: [ 12 17 1 8 ]; 	9: [ 12 17 1 16 9 ]; 	10: [ 12 17 1 10 ]; 	11: [ 12 17 1 15 11 ]; 	12: [ 12 ]; 	13: [ 12 17 13 ]; 	14: [ 12 14 ]; 	15: [ 12 17 1 15 ]; 	16: [ 12 17 1 16 ]; 	17: [ 12 17 ]; 	18: [ 12 17 18 ]; 	19: [ 12 17 1 10 19 ]; 	20: [ 12 17 18 20 ]; 
13 -> 	1: [ 13 19 17 1 ]; 	2: [ 13 19 2 ]; 	3: [ 13 19 17 1 16 3 ]; 	4: [ 13 4 ]; 	5: [ 13 19 2 12 5 ]; 	6: [ 13 19 17 1 6 ]; 	7: [ 13 4 7 ]; 	8: [ 13 19 17 1 8 ]; 	9: [ 13 19 2 9 ]; 	10: [ 13 19 10 ]; 	11: [ 13 19 17 1 15 11 ]; 	12: [ 13 19 2 12 ]; 	13: [ 13 ]; 	14: [ 13 19 14 ]; 	15: [ 13 19 17 1 15 ]; 	16: [ 13 19 17 1 16 ]; 	17: [ 13 19 17 ]; 	18: [ 13 19 17 18 ]; 	19: [ 13 19 ]; 	20: [ 13 19 2 20 ]; 
14 -> 	1: [ 14 12 17 1 ]; 	2: [ 14 15 10 19 2 ]; 	3: [ 14 12 17 1 16 3 ]; 	4: [ 14 15 11 4 ]; 	5: [ 14 12 5 ]; 	6: [ 14 15 11 6 ]; 	7: [ 14 15 11 6 7 ]; 	8: [ 14 12 17 1 8 ]; 	9: [ 14 15 10 19 2 9 ]; 	10: [ 14 15 10 ]; 	11: [ 14 15 11 ]; 	12: [ 14 12 ]; 	13: [ 14 15 11 6 7 13 ]; 	14: [ 14 ]; 	15: [ 14 15 ]; 	16: [ 14 12 17 1 16 ]; 	17: [ 14 12 17 ]; 	18: [ 14 15 11 6 7 18 ]; 	19: [ 14 15 10 19 ]; 	20: [ 14 15 20 ]; 
15 -> 	1: [ 15 10 19 17 1 ]; 	2: [ 15 10 19 2 ]; 	3: [ 15 10 19 17 1 16 3 ]; 	4: [ 15 11 4 ]; 	5: [ 15 10 19 2 12 5 ]; 	6: [ 15 11 6 ]; 	7: [ 15 11 6 7 ]; 	8: [ 15 10 19 17 1 8 ]; 	9: [ 15 10 19 2 9 ]; 	10: [ 15 10 ]; 	11: [ 15 11 ]; 	12: [ 15 10 19 2 12 ]; 	13: [ 15 11 6 7 13 ]; 	14: [ 15 11 14 ]; 	15: [ 15 ]; 	16: [ 15 10 19 17 1 16 ]; 	17: [ 15 10 19 17 ]; 	18: [ 15 11 6 7 18 ]; 	19: [ 15 10 19 ]; 	20: [ 15 20 ]; 
16 -> 	1: [ 16 3 2 12 17 1 ]; 	2: [ 16 3 2 ]; 	3: [ 16 3 ]; 	4: [ 16 4 ]; 	5: [ 16 3 2 12 5 ]; 	6: [ 16 3 6 ]; 	7: [ 16 4 7 ]; 	8: [ 16 3 2 12 17 1 8 ]; 	9: [ 16 9 ]; 	10: [ 16 3 11 10 ]; 	11: [ 16 3 11 ]; 	12: [ 16 3 2 12 ]; 	13: [ 16 3 2 12 17 13 ]; 	14: [ 16 14 ]; 	15: [ 16 14 15 ]; 	16: [ 16 ]; 	17: [ 16 3 2 12 17 ]; 	18: [ 16 18 ]; 	19: [ 16 3 19 ]; 	20: [ 16 3 2 20 ]; 
17 -> 	1: [ 17 1 ]; 	2: [ 17 1 16 3 2 ]; 	3: [ 17 1 16 3 ]; 	4: [ 17 1 4 ]; 	5: [ 17 12 5 ]; 	6: [ 17 1 6 ]; 	7: [ 17 1 6 7 ]; 	8: [ 17 1 8 ]; 	9: [ 17 1 16 9 ]; 	10: [ 17 1 10 ]; 	11: [ 17 1 15 11 ]; 	12: [ 17 12 ]; 	13: [ 17 13 ]; 	14: [ 17 1 14 ]; 	15: [ 17 1 15 ]; 	16: [ 17 1 16 ]; 	17: [ 17 ]; 	18: [ 17 18 ]; 	19: [ 17 1 10 19 ]; 	20: [ 17 18 20 ]; 
18 -> 	1: [ 18 2 12 17 1 ]; 	2: [ 18 2 ]; 	3: [ 18 3 ]; 	4: [ 18 4 ]; 	5: [ 18 2 12 5 ]; 	6: [ 18 2 12 17 1 6 ]; 	7: [ 18 4 7 ]; 	8: [ 18 2 12 17 1 8 ]; 	9: [ 18 2 9 ]; 	10: [ 18 2 12 17 1 10 ]; 	11: [ 18 3 11 ]; 	12: [ 18 2 12 ]; 	13: [ 18 2 12 17 13 ]; 	14: [ 18 2 12 14 ]; 	15: [ 18 2 12 17 1 15 ]; 	16: [ 18 2 12 17 1 16 ]; 	17: [ 18 2 12 17 ]; 	18: [ 18 ]; 	19: [ 18 3 19 ]; 	20: [ 18 20 ]; 
19 -> 	1: [ 19 17 1 ]; 	2: [ 19 2 ]; 	3: [ 19 17 1 16 3 ]; 	4: [ 19 17 1 4 ]; 	5: [ 19 2 12 5 ]; 	6: [ 19 17 1 6 ]; 	7: [ 19 2 7 ]; 	8: [ 19 17 1 8 ]; 	9: [ 19 2 9 ]; 	10: [ 19 10 ]; 	11: [ 19 17 1 15 11 ]; 	12: [ 19 2 12 ]; 	13: [ 19 17 13 ]; 	14: [ 19 14 ]; 	15: [ 19 17 1 15 ]; 	16: [ 19 17 1 16 ]; 	17: [ 19 17 ]; 	18: [ 19 17 18 ]; 	19: [ 19 ]; 	20: [ 19 2 20 ]; 
20 -> 	1: [ 20 4 19 17 1 ]; 	2: [ 20 4 19 2 ]; 	3: [ 20 4 7 18 3 ]; 	4: [ 20 4 ]; 	5: [ 20 5 ]; 	6: [ 20 5 11 6 ]; 	7: [ 20 4 7 ]; 	8: [ 20 4 19 17 1 8 ]; 	9: [ 20 4 19 2 9 ]; 	10: [ 20 5 11 10 ]; 	11: [ 20 5 11 ]; 	12: [ 20 4 19 2 12 ]; 	13: [ 20 4 7 13 ]; 	14: [ 20 5 11 14 ]; 	15: [ 20 5 11 14 15 ]; 	16: [ 20 4 19 17 1 16 ]; 	17: [ 20 4 19 17 ]; 	18: [ 20 4 7 18 ]; 	19: [ 20 4 19 ]; 	20: [ 20 ]; 
Computation took 1.055209 milliseconds

LoadMatrix:
	1	2	3	4	5	6	7	8	9	10	11	12	13	14	15	16	17	18	19	20
1	0	INF	INF	26	0	134	0	381	INF	95	INF	0	0	0	213	159	INF	0	INF	0	
2	INF	0	INF	0	INF	0	0	INF	16	INF	INF	809	0	INF	INF	0	0	0	INF	96	
3	INF	239	0	INF	0	100	INF	INF	INF	INF	98	INF	0	INF	INF	INF	0	INF	90	INF	
4	INF	INF	INF	0	0	INF	199	INF	INF	INF	INF	INF	INF	INF	0	INF	0	INF	142	0	
5	INF	0	INF	0	0	INF	0	INF	INF	INF	137	INF	INF	INF	INF	0	INF	INF	0	INF	
6	INF	INF	0	INF	INF	0	420	INF	0	INF	0	INF	INF	0	0	INF	INF	INF	INF	0	
7	0	0	INF	0	INF	INF	0	INF	0	0	INF	INF	101	INF	0	INF	INF	458	INF	INF	
8	INF	0	0	0	0	0	INF	0	0	INF	INF	0	INF	0	INF	INF	100	0	INF	INF	
9	INF	0	INF	INF	0	0	0	0	0	0	0	INF	INF	492	INF	INF	INF	INF	0	INF	
10	0	INF	INF	0	INF	192	INF	INF	0	0	0	0	0	0	INF	INF	0	INF	441	0	
11	INF	115	INF	0	INF	201	0	INF	INF	120	0	INF	0	106	INF	INF	0	INF	INF	INF	
12	INF	0	0	0	339	INF	INF	0	INF	INF	INF	0	INF	113	INF	INF	740	0	INF	INF	
13	INF	INF	0	94	0	INF	INF	INF	INF	0	0	INF	0	INF	INF	INF	0	INF	48	INF	
14	INF	INF	INF	INF	0	INF	INF	0	0	0	0	304	0	0	137	INF	INF	0	INF	0	
15	0	INF	0	INF	INF	INF	0	0	INF	24	202	INF	0	INF	0	INF	INF	INF	INF	10	
16	INF	0	145	10	INF	INF	INF	INF	10	INF	0	INF	0	94	0	0	0	8	INF	INF	
17	1116	0	0	INF	INF	INF	INF	INF	INF	INF	INF	186	101	INF	INF	INF	0	114	0	0	
18	INF	74	7	90	INF	INF	INF	INF	0	INF	0	INF	INF	0	INF	0	INF	0	0	13	
19	INF	258	INF	INF	INF	INF	INF	0	0	0	INF	0	0	10	INF	0	380	INF	0	INF	
20	INF	INF	0	47	27	0	0	INF	0	0	INF	0	INF	INF	INF	0	INF	INF	INF	0	
Computation took 0.080988 milliseconds

All-Pairs Sneaky-Path Matrix:
	1	2	3	4	5	6	7	8	9	10	11	12	13	14	15	16	17	18	19	20
1	0	0	0	0	0	0	0	0	0	0	0	0	0	0	0	0	0	0	0	0	
2	0	0	0	0	0	0	0	0	0	0	0	0	0	0	0	0	0	0	0	0	
3	0	0	0	0	0	0	0	0	0	0	0	0	0	0	0	0	0	0	0	0	
4	0	0	0	0	0	0	0	0	0	0	0	0	0	0	0	0	0	0	0	0	
5	0	0	0	0	0	0	0	0	0	0	0	0	0	0	0	0	0	0	0	0	
6	0	0	0	0	0	0	0	0	0	0	0	0	0	0	0	0	0	0	0	0	
7	0	0	0	0	0	0	0	0	0	0	0	0	0	0	0	0	0	0	0	0	
8	0	0	0	0	0	0	0	0	0	0	0	0	0	0	0	0	0	0	0	0	
9	0	0	0	0	0	0	0	0	0	0	0	0	0	0	0	0	0	0	0	0	
10	0	0	0	0	0	0	0	0	0	0	0	0	0	0	0	0	0	0	0	0	
11	0	0	0	0	0	0	0	0	0	0	0	0	0	0	0	0	0	0	0	0	
12	0	0	0	0	0	0	0	0	0	0	0	0	0	0	0	0	0	0	0	0	
13	0	0	0	0	0	0	0	0	0	0	0	0	0	0	0	0	0	0	0	0	
14	0	0	0	0	0	0	0	0	0	0	0	0	0	0	0	0	0	0	0	0	
15	0	0	0	0	0	0	0	0	0	0	0	0	0	0	0	0	0	0	0	0	
16	0	0	0	0	0	0	0	0	0	0	0	0	0	0	0	0	0	0	0	0	
17	0	0	0	0	0	0	0	0	0	0	0	0	0	0	0	0	0	0	0	0	
18	0	0	0	0	0	0	0	0	0	0	0	0	0	0	0	0	0	0	0	0	
19	0	0	0	0	0	0	0	0	0	0	0	0	0	0	0	0	0	0	0	0	
20	0	0	0	0	0	0	0	0	0	0	0	0	0	0	0	0	0	0	0	0	
Computation took 0.329481 milliseconds

Actual Shortest Sneaky-Paths:
1 -> 	1: [ 1 ]; 	2: [ 1 5 2 ]; 	3: [ 1 5 2 6 3 ]; 	4: [ 1 5 4 ]; 	5: [ 1 5 ]; 	6: [ 1 5 2 6 ]; 	7: [ 1 7 ]; 	8: [ 1 5 2 6 9 8 ]; 	9: [ 1 5 2 6 9 ]; 	10: [ 1 7 10 ]; 	11: [ 1 5 2 6 11 ]; 	12: [ 1 12 ]; 	13: [ 1 13 ]; 	14: [ 1 14 ]; 	15: [ 1 5 4 15 ]; 	16: [ 1 5 16 ]; 	17: [ 1 5 2 17 ]; 	18: [ 1 18 ]; 	19: [ 1 5 19 ]; 	20: [ 1 20 ]; 
2 -> 	1: [ 2 7 1 ]; 	2: [ 2 ]; 	3: [ 2 6 3 ]; 	4: [ 2 4 ]; 	5: [ 2 4 5 ]; 	6: [ 2 6 ]; 	7: [ 2 7 ]; 	8: [ 2 6 9 8 ]; 	9: [ 2 6 9 ]; 	10: [ 2 7 10 ]; 	11: [ 2 6 11 ]; 	12: [ 2 7 1 12 ]; 	13: [ 2 13 ]; 	14: [ 2 6 14 ]; 	15: [ 2 4 15 ]; 	16: [ 2 16 ]; 	17: [ 2 17 ]; 	18: [ 2 18 ]; 	19: [ 2 4 5 19 ]; 	20: [ 2 4 20 ]; 
3 -> 	1: [ 3 5 7 1 ]; 	2: [ 3 5 2 ]; 	3: [ 3 ]; 	4: [ 3 5 4 ]; 	5: [ 3 5 ]; 	6: [ 3 5 2 6 ]; 	7: [ 3 5 7 ]; 	8: [ 3 5 2 6 9 8 ]; 	9: [ 3 5 2 6 9 ]; 	10: [ 3 5 7 10 ]; 	11: [ 3 5 2 6 11 ]; 	12: [ 3 5 7 1 12 ]; 	13: [ 3 13 ]; 	14: [ 3 5 2 6 14 ]; 	15: [ 3 5 4 15 ]; 	16: [ 3 5 16 ]; 	17: [ 3 17 ]; 	18: [ 3 5 2 18 ]; 	19: [ 3 5 19 ]; 	20: [ 3 5 4 20 ]; 
4 -> 	1: [ 4 5 7 1 ]; 	2: [ 4 5 2 ]; 	3: [ 4 5 2 6 3 ]; 	4: [ 4 ]; 	5: [ 4 5 ]; 	6: [ 4 5 2 6 ]; 	7: [ 4 5 7 ]; 	8: [ 4 5 2 6 9 8 ]; 	9: [ 4 5 2 6 9 ]; 	10: [ 4 5 7 10 ]; 	11: [ 4 5 2 6 11 ]; 	12: [ 4 5 7 1 12 ]; 	13: [ 4 5 2 13 ]; 	14: [ 4 5 2 6 14 ]; 	15: [ 4 15 ]; 	16: [ 4 5 16 ]; 	17: [ 4 17 ]; 	18: [ 4 5 2 18 ]; 	19: [ 4 5 19 ]; 	20: [ 4 20 ]; 
5 -> 	1: [ 5 7 1 ]; 	2: [ 5 2 ]; 	3: [ 5 2 6 3 ]; 	4: [ 5 4 ]; 	5: [ 5 ]; 	6: [ 5 2 6 ]; 	7: [ 5 7 ]; 	8: [ 5 2 6 9 8 ]; 	9: [ 5 2 6 9 ]; 	10: [ 5 7 10 ]; 	11: [ 5 2 6 11 ]; 	12: [ 5 7 1 12 ]; 	13: [ 5 2 13 ]; 	14: [ 5 2 6 14 ]; 	15: [ 5 4 15 ]; 	16: [ 5 16 ]; 	17: [ 5 2 17 ]; 	18: [ 5 2 18 ]; 	19: [ 5 19 ]; 	20: [ 5 4 20 ]; 
6 -> 	1: [ 6 3 5 7 1 ]; 	2: [ 6 3 5 2 ]; 	3: [ 6 3 ]; 	4: [ 6 3 5 4 ]; 	5: [ 6 3 5 ]; 	6: [ 6 ]; 	7: [ 6 3 5 7 ]; 	8: [ 6 9 8 ]; 	9: [ 6 9 ]; 	10: [ 6 3 5 7 10 ]; 	11: [ 6 11 ]; 	12: [ 6 3 5 7 1 12 ]; 	13: [ 6 3 13 ]; 	14: [ 6 14 ]; 	15: [ 6 15 ]; 	16: [ 6 3 5 16 ]; 	17: [ 6 3 17 ]; 	18: [ 6 3 5 2 18 ]; 	19: [ 6 3 5 19 ]; 	20: [ 6 20 ]; 
7 -> 	1: [ 7 1 ]; 	2: [ 7 2 ]; 	3: [ 7 2 6 3 ]; 	4: [ 7 4 ]; 	5: [ 7 1 5 ]; 	6: [ 7 2 6 ]; 	7: [ 7 ]; 	8: [ 7 9 8 ]; 	9: [ 7 9 ]; 	10: [ 7 10 ]; 	11: [ 7 2 6 11 ]; 	12: [ 7 1 12 ]; 	13: [ 7 1 13 ]; 	14: [ 7 1 14 ]; 	15: [ 7 15 ]; 	16: [ 7 2 16 ]; 	17: [ 7 2 17 ]; 	18: [ 7 1 18 ]; 	19: [ 7 1 5 19 ]; 	20: [ 7 1 20 ]; 
8 -> 	1: [ 8 2 7 1 ]; 	2: [ 8 2 ]; 	3: [ 8 3 ]; 	4: [ 8 4 ]; 	5: [ 8 5 ]; 	6: [ 8 6 ]; 	7: [ 8 2 7 ]; 	8: [ 8 ]; 	9: [ 8 9 ]; 	10: [ 8 2 7 10 ]; 	11: [ 8 6 11 ]; 	12: [ 8 12 ]; 	13: [ 8 2 13 ]; 	14: [ 8 14 ]; 	15: [ 8 4 15 ]; 	16: [ 8 2 16 ]; 	17: [ 8 2 17 ]; 	18: [ 8 18 ]; 	19: [ 8 5 19 ]; 	20: [ 8 4 20 ]; 
9 -> 	1: [ 9 7 1 ]; 	2: [ 9 2 ]; 	3: [ 9 6 3 ]; 	4: [ 9 2 4 ]; 	5: [ 9 5 ]; 	6: [ 9 6 ]; 	7: [ 9 7 ]; 	8: [ 9 8 ]; 	9: [ 9 ]; 	10: [ 9 10 ]; 	11: [ 9 11 ]; 	12: [ 9 7 1 12 ]; 	13: [ 9 2 13 ]; 	14: [ 9 6 14 ]; 	15: [ 9 2 4 15 ]; 	16: [ 9 2 16 ]; 	17: [ 9 2 17 ]; 	18: [ 9 2 18 ]; 	19: [ 9 19 ]; 	20: [ 9 2 4 20 ]; 
10 -> 	1: [ 10 1 ]; 	2: [ 10 1 5 2 ]; 	3: [ 10 1 5 2 6 3 ]; 	4: [ 10 4 ]; 	5: [ 10 1 5 ]; 	6: [ 10 1 5 2 6 ]; 	7: [ 10 1 7 ]; 	8: [ 10 9 8 ]; 	9: [ 10 9 ]; 	10: [ 10 ]; 	11: [ 10 11 ]; 	12: [ 10 12 ]; 	13: [ 10 13 ]; 	14: [ 10 14 ]; 	15: [ 10 4 15 ]; 	16: [ 10 1 5 16 ]; 	17: [ 10 17 ]; 	18: [ 10 1 18 ]; 	19: [ 10 1 5 19 ]; 	20: [ 10 20 ]; 
11 -> 	1: [ 11 7 1 ]; 	2: [ 11 4 5 2 ]; 	3: [ 11 4 5 2 6 3 ]; 	4: [ 11 4 ]; 	5: [ 11 4 5 ]; 	6: [ 11 4 5 2 6 ]; 	7: [ 11 7 ]; 	8: [ 11 4 5 2 6 9 8 ]; 	9: [ 11 4 5 2 6 9 ]; 	10: [ 11 7 10 ]; 	11: [ 11 ]; 	12: [ 11 7 1 12 ]; 	13: [ 11 13 ]; 	14: [ 11 4 5 2 6 14 ]; 	15: [ 11 4 15 ]; 	16: [ 11 4 5 16 ]; 	17: [ 11 17 ]; 	18: [ 11 4 5 2 18 ]; 	19: [ 11 4 5 19 ]; 	20: [ 11 4 20 ]; 
12 -> 	1: [ 12 2 7 1 ]; 	2: [ 12 2 ]; 	3: [ 12 3 ]; 	4: [ 12 4 ]; 	5: [ 12 3 5 ]; 	6: [ 12 2 6 ]; 	7: [ 12 2 7 ]; 	8: [ 12 8 ]; 	9: [ 12 2 6 9 ]; 	10: [ 12 2 7 10 ]; 	11: [ 12 2 6 11 ]; 	12: [ 12 ]; 	13: [ 12 2 13 ]; 	14: [ 12 2 6 14 ]; 	15: [ 12 4 15 ]; 	16: [ 12 2 16 ]; 	17: [ 12 2 17 ]; 	18: [ 12 18 ]; 	19: [ 12 3 5 19 ]; 	20: [ 12 4 20 ]; 
13 -> 	1: [ 13 5 7 1 ]; 	2: [ 13 5 2 ]; 	3: [ 13 3 ]; 	4: [ 13 5 4 ]; 	5: [ 13 5 ]; 	6: [ 13 5 2 6 ]; 	7: [ 13 5 7 ]; 	8: [ 13 5 2 6 9 8 ]; 	9: [ 13 5 2 6 9 ]; 	10: [ 13 10 ]; 	11: [ 13 11 ]; 	12: [ 13 5 7 1 12 ]; 	13: [ 13 ]; 	14: [ 13 5 2 6 14 ]; 	15: [ 13 5 4 15 ]; 	16: [ 13 5 16 ]; 	17: [ 13 17 ]; 	18: [ 13 5 2 18 ]; 	19: [ 13 5 19 ]; 	20: [ 13 5 4 20 ]; 
14 -> 	1: [ 14 5 7 1 ]; 	2: [ 14 5 2 ]; 	3: [ 14 5 2 6 3 ]; 	4: [ 14 5 4 ]; 	5: [ 14 5 ]; 	6: [ 14 5 2 6 ]; 	7: [ 14 5 7 ]; 	8: [ 14 8 ]; 	9: [ 14 9 ]; 	10: [ 14 10 ]; 	11: [ 14 11 ]; 	12: [ 14 5 7 1 12 ]; 	13: [ 14 13 ]; 	14: [ 14 ]; 	15: [ 14 5 4 15 ]; 	16: [ 14 5 16 ]; 	17: [ 14 5 2 17 ]; 	18: [ 14 18 ]; 	19: [ 14 5 19 ]; 	20: [ 14 20 ]; 
15 -> 	1: [ 15 1 ]; 	2: [ 15 1 5 2 ]; 	3: [ 15 3 ]; 	4: [ 15 1 5 4 ]; 	5: [ 15 1 5 ]; 	6: [ 15 1 5 2 6 ]; 	7: [ 15 7 ]; 	8: [ 15 8 ]; 	9: [ 15 1 5 2 6 9 ]; 	10: [ 15 7 10 ]; 	11: [ 15 1 5 2 6 11 ]; 	12: [ 15 1 12 ]; 	13: [ 15 13 ]; 	14: [ 15 1 14 ]; 	15: [ 15 ]; 	16: [ 15 1 5 16 ]; 	17: [ 15 3 17 ]; 	18: [ 15 1 18 ]; 	19: [ 15 1 5 19 ]; 	20: [ 15 1 20 ]; 
16 -> 	1: [ 16 2 7 1 ]; 	2: [ 16 2 ]; 	3: [ 16 2 6 3 ]; 	4: [ 16 2 4 ]; 	5: [ 16 2 4 5 ]; 	6: [ 16 2 6 ]; 	7: [ 16 2 7 ]; 	8: [ 16 2 6 9 8 ]; 	9: [ 16 2 6 9 ]; 	10: [ 16 2 7 10 ]; 	11: [ 16 11 ]; 	12: [ 16 2 7 1 12 ]; 	13: [ 16 13 ]; 	14: [ 16 2 6 14 ]; 	15: [ 16 15 ]; 	16: [ 16 ]; 	17: [ 16 17 ]; 	18: [ 16 2 18 ]; 	19: [ 16 2 4 5 19 ]; 	20: [ 16 2 4 20 ]; 
17 -> 	1: [ 17 2 7 1 ]; 	2: [ 17 2 ]; 	3: [ 17 3 ]; 	4: [ 17 2 4 ]; 	5: [ 17 3 5 ]; 	6: [ 17 2 6 ]; 	7: [ 17 2 7 ]; 	8: [ 17 2 6 9 8 ]; 	9: [ 17 2 6 9 ]; 	10: [ 17 2 7 10 ]; 	11: [ 17 2 6 11 ]; 	12: [ 17 2 7 1 12 ]; 	13: [ 17 2 13 ]; 	14: [ 17 2 6 14 ]; 	15: [ 17 2 4 15 ]; 	16: [ 17 2 16 ]; 	17: [ 17 ]; 	18: [ 17 2 18 ]; 	19: [ 17 19 ]; 	20: [ 17 20 ]; 
18 -> 	1: [ 18 9 7 1 ]; 	2: [ 18 9 2 ]; 	3: [ 18 9 6 3 ]; 	4: [ 18 9 2 4 ]; 	5: [ 18 9 5 ]; 	6: [ 18 9 6 ]; 	7: [ 18 9 7 ]; 	8: [ 18 9 8 ]; 	9: [ 18 9 ]; 	10: [ 18 9 10 ]; 	11: [ 18 11 ]; 	12: [ 18 9 7 1 12 ]; 	13: [ 18 9 2 13 ]; 	14: [ 18 14 ]; 	15: [ 18 9 2 4 15 ]; 	16: [ 18 16 ]; 	17: [ 18 9 2 17 ]; 	18: [ 18 ]; 	19: [ 18 19 ]; 	20: [ 18 9 2 4 20 ]; 
19 -> 	1: [ 19 8 2 7 1 ]; 	2: [ 19 8 2 ]; 	3: [ 19 8 3 ]; 	4: [ 19 8 4 ]; 	5: [ 19 8 5 ]; 	6: [ 19 8 6 ]; 	7: [ 19 8 2 7 ]; 	8: [ 19 8 ]; 	9: [ 19 9 ]; 	10: [ 19 10 ]; 	11: [ 19 8 6 11 ]; 	12: [ 19 12 ]; 	13: [ 19 13 ]; 	14: [ 19 8 14 ]; 	15: [ 19 8 4 15 ]; 	16: [ 19 16 ]; 	17: [ 19 8 2 17 ]; 	18: [ 19 8 18 ]; 	19: [ 19 ]; 	20: [ 19 8 4 20 ]; 
20 -> 	1: [ 20 7 1 ]; 	2: [ 20 3 5 2 ]; 	3: [ 20 3 ]; 	4: [ 20 3 5 4 ]; 	5: [ 20 3 5 ]; 	6: [ 20 6 ]; 	7: [ 20 7 ]; 	8: [ 20 9 8 ]; 	9: [ 20 9 ]; 	10: [ 20 10 ]; 	11: [ 20 6 11 ]; 	12: [ 20 12 ]; 	13: [ 20 3 13 ]; 	14: [ 20 6 14 ]; 	15: [ 20 3 5 4 15 ]; 	16: [ 20 16 ]; 	17: [ 20 3 17 ]; 	18: [ 20 3 5 2 18 ]; 	19: [ 20 3 5 19 ]; 	20: [ 20 ]; 
Computation took 0.631704 milliseconds

Sneaky Path from 1 to 5: [1, 5]

Minimum Cars Seen:
	1	2	3	4	5	6	7	8	9	10	11	12	13	14	15	16	17	18	19	20
1	0	0	0	0	0	0	0	0	0	0	0	0	0	0	0	0	0	0	0	0	
2	0	0	0	0	0	0	0	0	0	0	0	0	0	0	0	0	0	0	0	0	
3	0	0	0	0	0	0	0	0	0	0	0	0	0	0	0	0	0	0	0	0	
4	0	0	0	0	0	0	0	0	0	0	0	0	0	0	0	0	0	0	0	0	
5	0	0	0	0	0	0	0	0	0	0	0	0	0	0	0	0	0	0	0	0	
6	0	0	0	0	0	0	0	0	0	0	0	0	0	0	0	0	0	0	0	0	
7	0	0	0	0	0	0	0	0	0	0	0	0	0	0	0	0	0	0	0	0	
8	0	0	0	0	0	0	0	0	0	0	0	0	0	0	0	0	0	0	0	0	
9	0	0	0	0	0	0	0	0	0	0	0	0	0	0	0	0	0	0	0	0	
10	0	0	0	0	0	0	0	0	0	0	0	0	0	0	0	0	0	0	0	0	
11	0	0	0	0	0	0	0	0	0	0	0	0	0	0	0	0	0	0	0	0	
12	0	0	0	0	0	0	0	0	0	0	0	0	0	0	0	0	0	0	0	0	
13	0	0	0	0	0	0	0	0	0	0	0	0	0	0	0	0	0	0	0	0	
14	0	0	0	0	0	0	0	0	0	0	0	0	0	0	0	0	0	0	0	0	
15	0	0	0	0	0	0	0	0	0	0	0	0	0	0	0	0	0	0	0	0	
16	0	0	0	0	0	0	0	0	0	0	0	0	0	0	0	0	0	0	0	0	
17	0	0	0	0	0	0	0	0	0	0	0	0	0	0	0	0	0	0	0	0	
18	0	0	0	0	0	0	0	0	0	0	0	0	0	0	0	0	0	0	0	0	
19	0	0	0	0	0	0	0	0	0	0	0	0	0	0	0	0	0	0	0	0	
20	0	0	0	0	0	0	0	0	0	0	0	0	0	0	0	0	0	0	0	0	
Computation took 0.142617 milliseconds

Maximum Cars Seen:
	1	2	3	4	5	6	7	8	9	10	11	12	13	14	15	16	17	18	19	20
1	0	0	0	0	0	0	0	0	0	0	0	0	0	0	0	0	0	0	0	0	
2	0	0	0	0	0	0	0	0	0	0	0	0	0	0	0	0	0	0	0	0	
3	0	0	0	0	0	0	0	0	0	0	0	0	0	0	0	0	0	0	0	0	
4	0	0	0	0	0	0	0	0	0	0	0	0	0	0	0	0	0	0	0	0	
5	0	0	0	0	0	0	0	0	0	0	0	0	0	0	0	0	0	0	0	0	
6	0	0	0	0	0	0	0	0	0	0	0	0	0	0	0	0	0	0	0	0	
7	0	0	0	0	0	0	0	0	0	0	0	0	0	0	0	0	0	0	0	0	
8	0	0	0	0	0	0	0	0	0	0	0	0	0	0	0	0	0	0	0	0	
9	0	0	0	0	0	0	0	0	0	0	0	0	0	0	0	0	0	0	0	0	
10	0	0	0	0	0	0	0	0	0	0	0	0	0	0	0	0	0	0	0	0	
11	0	0	0	0	0	0	0	0	0	0	0	0	0	0	0	0	0	0	0	0	
12	0	0	0	0	0	0	0	0	0	0	0	0	0	0	0	0	0	0	0	0	
13	0	0	0	0	0	0	0	0	0	0	0	0	0	0	0	0	0	0	0	0	
14	0	0	0	0	0	0	0	0	0	0	0	0	0	0	0	0	0	0	0	0	
15	0	0	0	0	0	0	0	0	0	0	0	0	0	0	0	0	0	0	0	0	
16	0	0	0	0	0	0	0	0	0	0	0	0	0	0	0	0	0	0	0	0	
17	0	0	0	0	0	0	0	0	0	0	0	0	0	0	0	0	0	0	0	0	
18	0	0	0	0	0	0	0	0	0	0	0	0	0	0	0	0	0	0	0	0	
19	0	0	0	0	0	0	0	0	0	0	0	0	0	0	0	0	0	0	0	0	
20	0	0	0	0	0	0	0	0	0	0	0	0	0	0	0	0	0	0	0	0	
Computation took 0.125235 milliseconds

Average Cars Seen:
	1		2		3		4		5		6		7		8		9		10		11		12		13		14		15		16		17		18		19		20	
1	0.0		0.0		0.0		0.0		0.0		0.0		0.0		0.0		0.0		0.0		0.0		0.0		0.0		0.0		0.0		0.0		0.0		0.0		0.0		0.0		
2	0.0		0.0		0.0		0.0		0.0		0.0		0.0		0.0		0.0		0.0		0.0		0.0		0.0		0.0		0.0		0.0		0.0		0.0		0.0		0.0		
3	0.0		0.0		0.0		0.0		0.0		0.0		0.0		0.0		0.0		0.0		0.0		0.0		0.0		0.0		0.0		0.0		0.0		0.0		0.0		0.0		
4	0.0		0.0		0.0		0.0		0.0		0.0		0.0		0.0		0.0		0.0		0.0		0.0		0.0		0.0		0.0		0.0		0.0		0.0		0.0		0.0		
5	0.0		0.0		0.0		0.0		0.0		0.0		0.0		0.0		0.0		0.0		0.0		0.0		0.0		0.0		0.0		0.0		0.0		0.0		0.0		0.0		
6	0.0		0.0		0.0		0.0		0.0		0.0		0.0		0.0		0.0		0.0		0.0		0.0		0.0		0.0		0.0		0.0		0.0		0.0		0.0		0.0		
7	0.0		0.0		0.0		0.0		0.0		0.0		0.0		0.0		0.0		0.0		0.0		0.0		0.0		0.0		0.0		0.0		0.0		0.0		0.0		0.0		
8	0.0		0.0		0.0		0.0		0.0		0.0		0.0		0.0		0.0		0.0		0.0		0.0		0.0		0.0		0.0		0.0		0.0		0.0		0.0		0.0		
9	0.0		0.0		0.0		0.0		0.0		0.0		0.0		0.0		0.0		0.0		0.0		0.0		0.0		0.0		0.0		0.0		0.0		0.0		0.0		0.0		
10	0.0		0.0		0.0		0.0		0.0		0.0		0.0		0.0		0.0		0.0		0.0		0.0		0.0		0.0		0.0		0.0		0.0		0.0		0.0		0.0		
11	0.0		0.0		0.0		0.0		0.0		0.0		0.0		0.0		0.0		0.0		0.0		0.0		0.0		0.0		0.0		0.0		0.0		0.0		0.0		0.0		
12	0.0		0.0		0.0		0.0		0.0		0.0		0.0		0.0		0.0		0.0		0.0		0.0		0.0		0.0		0.0		0.0		0.0		0.0		0.0		0.0		
13	0.0		0.0		0.0		0.0		0.0		0.0		0.0		0.0		0.0		0.0		0.0		0.0		0.0		0.0		0.0		0.0		0.0		0.0		0.0		0.0		
14	0.0		0.0		0.0		0.0		0.0		0.0		0.0		0.0		0.0		0.0		0.0		0.0		0.0		0.0		0.0		0.0		0.0		0.0		0.0		0.0		
15	0.0		0.0		0.0		0.0		0.0		0.0		0.0		0.0		0.0		0.0		0.0		0.0		0.0		0.0		0.0		0.0		0.0		0.0		0.0		0.0		
16	0.0		0.0		0.0		0.0		0.0		0.0		0.0		0.0		0.0		0.0		0.0		0.0		0.0		0.0		0.0		0.0		0.0		0.0		0.0		0.0		
17	0.0		0.0		0.0		0.0		0.0		0.0		0.0		0.0		0.0		0.0		0.0		0.0		0.0		0.0		0.0		0.0		0.0		0.0		0.0		0.0		
18	0.0		0.0		0.0		0.0		0.0		0.0		0.0		0.0		0.0		0.0		0.0		0.0		0.0		0.0		0.0		0.0		0.0		0.0		0.0		0.0		
19	0.0		0.0		0.0		0.0		0.0		0.0		0.0		0.0		0.0		0.0		0.0		0.0		0.0		0.0		0.0		0.0		0.0		0.0		0.0		0.0		
20	0.0		0.0		0.0		0.0		0.0		0.0		0.0		0.0		0.0		0.0		0.0		0.0		0.0		0.0		0.0		0.0		0.0		0.0		0.0		0.0		
Computation took 0.170271 milliseconds

Total running time for program: 3.204345 milliseconds
