Number of Cities: 10
Number of Cities: 10Starting point: 8
Ending point: 4

EdgeMatrix: 
	1	2	3	4	5	6	7	8	9	10
1	0	INF	INF	93	INF	19	INF	96	92	INF	
2	INF	0	INF	INF	96	INF	INF	18	93	91	
3	16	INF	0	INF	INF	INF	INF	INF	INF	99	
4	INF	INF	INF	0	INF	INF	90	INF	97	INF	
5	16	97	94	INF	0	INF	INF	INF	91	INF	
6	INF	91	INF	INF	INF	0	INF	INF	INF	INF	
7	90	INF	95	INF	99	INF	0	95	INF	INF	
8	INF	INF	INF	INF	98	INF	INF	0	INF	INF	
9	98	INF	INF	INF	INF	INF	93	INF	0	11	
10	INF	93	INF	INF	INF	INF	96	INF	INF	0	

FlowMatrix: 
	1	2	3	4	5	6	7	8	9	10
1	0	14	0	12	11	18	15	12	19	14	
2	11	0	19	20	0	10	91	93	11	20	
3	20	19	0	96	11	13	0	12	14	17	
4	15	12	17	0	16	18	18	18	17	0	
5	10	14	12	11	0	14	11	18	12	14	
6	0	11	19	94	15	0	14	20	17	95	
7	19	0	11	19	16	13	0	90	0	14	
8	17	14	0	15	0	15	13	0	20	0	
9	16	17	13	0	13	20	12	14	0	20	
10	13	18	96	13	14	15	10	11	99	0	

All-Pairs Shortest Path Matrix:
	1	2	3	4	5	6	7	8	9	10
1	0	110	278	93	194	19	183	96	92	103	
2	112	0	190	205	96	131	186	18	93	91	
3	16	126	0	109	210	35	195	112	108	99	
4	180	201	185	0	189	199	90	185	97	108	
5	16	97	94	109	0	35	184	112	91	102	
6	203	91	281	296	187	0	277	109	184	182	
7	90	196	95	183	99	109	0	95	182	193	
8	114	195	192	207	98	133	282	0	189	200	
9	98	104	188	191	192	117	93	122	0	11	
10	186	93	191	279	189	205	96	111	186	0	
Computation took 0.204642 milliseconds

Actual Shortest-Paths:
1 -> 	1: [ 1 ]; 	2: [ 1 6 2 ]; 	3: [ 1 4 7 3 ]; 	4: [ 1 4 ]; 	5: [ 1 8 5 ]; 	6: [ 1 6 ]; 	7: [ 1 4 7 ]; 	8: [ 1 8 ]; 	9: [ 1 9 ]; 	10: [ 1 9 10 ]; 
2 -> 	1: [ 2 5 1 ]; 	2: [ 2 ]; 	3: [ 2 5 3 ]; 	4: [ 2 5 1 4 ]; 	5: [ 2 5 ]; 	6: [ 2 5 1 6 ]; 	7: [ 2 9 7 ]; 	8: [ 2 8 ]; 	9: [ 2 9 ]; 	10: [ 2 10 ]; 
3 -> 	1: [ 3 1 ]; 	2: [ 3 1 6 2 ]; 	3: [ 3 ]; 	4: [ 3 1 4 ]; 	5: [ 3 1 8 5 ]; 	6: [ 3 1 6 ]; 	7: [ 3 10 7 ]; 	8: [ 3 1 8 ]; 	9: [ 3 1 9 ]; 	10: [ 3 10 ]; 
4 -> 	1: [ 4 7 1 ]; 	2: [ 4 9 10 2 ]; 	3: [ 4 7 3 ]; 	4: [ 4 ]; 	5: [ 4 7 5 ]; 	6: [ 4 7 1 6 ]; 	7: [ 4 7 ]; 	8: [ 4 7 8 ]; 	9: [ 4 9 ]; 	10: [ 4 9 10 ]; 
5 -> 	1: [ 5 1 ]; 	2: [ 5 2 ]; 	3: [ 5 3 ]; 	4: [ 5 1 4 ]; 	5: [ 5 ]; 	6: [ 5 1 6 ]; 	7: [ 5 9 7 ]; 	8: [ 5 1 8 ]; 	9: [ 5 9 ]; 	10: [ 5 9 10 ]; 
6 -> 	1: [ 6 2 5 1 ]; 	2: [ 6 2 ]; 	3: [ 6 2 5 3 ]; 	4: [ 6 2 5 1 4 ]; 	5: [ 6 2 5 ]; 	6: [ 6 ]; 	7: [ 6 2 9 7 ]; 	8: [ 6 2 8 ]; 	9: [ 6 2 9 ]; 	10: [ 6 2 10 ]; 
7 -> 	1: [ 7 1 ]; 	2: [ 7 5 2 ]; 	3: [ 7 3 ]; 	4: [ 7 1 4 ]; 	5: [ 7 5 ]; 	6: [ 7 1 6 ]; 	7: [ 7 ]; 	8: [ 7 8 ]; 	9: [ 7 1 9 ]; 	10: [ 7 1 9 10 ]; 
8 -> 	1: [ 8 5 1 ]; 	2: [ 8 5 2 ]; 	3: [ 8 5 3 ]; 	4: [ 8 5 1 4 ]; 	5: [ 8 5 ]; 	6: [ 8 5 1 6 ]; 	7: [ 8 5 9 7 ]; 	8: [ 8 ]; 	9: [ 8 5 9 ]; 	10: [ 8 5 9 10 ]; 
9 -> 	1: [ 9 1 ]; 	2: [ 9 10 2 ]; 	3: [ 9 7 3 ]; 	4: [ 9 1 4 ]; 	5: [ 9 7 5 ]; 	6: [ 9 1 6 ]; 	7: [ 9 7 ]; 	8: [ 9 10 2 8 ]; 	9: [ 9 ]; 	10: [ 9 10 ]; 
10 -> 	1: [ 10 7 1 ]; 	2: [ 10 2 ]; 	3: [ 10 7 3 ]; 	4: [ 10 7 1 4 ]; 	5: [ 10 2 5 ]; 	6: [ 10 7 1 6 ]; 	7: [ 10 7 ]; 	8: [ 10 2 8 ]; 	9: [ 10 2 9 ]; 	10: [ 10 ]; 
Computation took 0.198321 milliseconds

LoadMatrix:
	1	2	3	4	5	6	7	8	9	10
1	0	INF	INF	295	INF	169	INF	64	61	INF	
2	INF	0	INF	INF	202	INF	INF	138	232	115	
3	185	INF	0	INF	INF	INF	INF	INF	INF	17	
4	INF	INF	INF	0	INF	INF	117	INF	29	INF	
5	235	28	50	INF	0	INF	INF	INF	70	INF	
6	INF	318	INF	INF	INF	0	INF	INF	INF	INF	
7	139	INF	137	INF	45	INF	0	108	INF	INF	
8	INF	INF	INF	INF	116	INF	INF	0	INF	INF	
9	36	INF	INF	INF	INF	INF	167	INF	0	105	
10	INF	185	INF	INF	INF	INF	147	INF	INF	0	
Computation took 0.026864 milliseconds

All-Pairs Sneaky-Path Matrix:
	1	2	3	4	5	6	7	8	9	10
1	0	208	230	295	180	169	228	64	61	166	
2	268	0	252	563	202	437	262	138	232	115	
3	185	202	0	480	209	354	164	249	246	17	
4	65	190	212	0	162	234	117	129	29	134	
5	106	28	50	401	0	275	214	166	70	67	
6	586	318	570	881	520	0	580	456	550	433	
7	139	73	95	434	45	308	0	108	115	112	
8	222	144	166	517	116	391	330	0	186	183	
9	36	240	262	331	212	205	167	100	0	105	
10	286	185	242	581	192	455	147	255	262	0	
Computation took 0.06005 milliseconds

Actual Shortest Sneaky-Paths:
1 -> 	1: [ 1 ]; 	2: [ 1 8 5 2 ]; 	3: [ 1 8 5 3 ]; 	4: [ 1 4 ]; 	5: [ 1 8 5 ]; 	6: [ 1 6 ]; 	7: [ 1 9 7 ]; 	8: [ 1 8 ]; 	9: [ 1 9 ]; 	10: [ 1 9 10 ]; 
2 -> 	1: [ 2 9 1 ]; 	2: [ 2 ]; 	3: [ 2 5 3 ]; 	4: [ 2 9 1 4 ]; 	5: [ 2 5 ]; 	6: [ 2 9 1 6 ]; 	7: [ 2 10 7 ]; 	8: [ 2 8 ]; 	9: [ 2 9 ]; 	10: [ 2 10 ]; 
3 -> 	1: [ 3 1 ]; 	2: [ 3 10 2 ]; 	3: [ 3 ]; 	4: [ 3 1 4 ]; 	5: [ 3 10 7 5 ]; 	6: [ 3 1 6 ]; 	7: [ 3 10 7 ]; 	8: [ 3 1 8 ]; 	9: [ 3 1 9 ]; 	10: [ 3 10 ]; 
4 -> 	1: [ 4 9 1 ]; 	2: [ 4 7 5 2 ]; 	3: [ 4 7 5 3 ]; 	4: [ 4 ]; 	5: [ 4 7 5 ]; 	6: [ 4 9 1 6 ]; 	7: [ 4 7 ]; 	8: [ 4 9 1 8 ]; 	9: [ 4 9 ]; 	10: [ 4 9 10 ]; 
5 -> 	1: [ 5 9 1 ]; 	2: [ 5 2 ]; 	3: [ 5 3 ]; 	4: [ 5 9 1 4 ]; 	5: [ 5 ]; 	6: [ 5 9 1 6 ]; 	7: [ 5 3 10 7 ]; 	8: [ 5 2 8 ]; 	9: [ 5 9 ]; 	10: [ 5 3 10 ]; 
6 -> 	1: [ 6 2 9 1 ]; 	2: [ 6 2 ]; 	3: [ 6 2 5 3 ]; 	4: [ 6 2 9 1 4 ]; 	5: [ 6 2 5 ]; 	6: [ 6 ]; 	7: [ 6 2 10 7 ]; 	8: [ 6 2 8 ]; 	9: [ 6 2 9 ]; 	10: [ 6 2 10 ]; 
7 -> 	1: [ 7 1 ]; 	2: [ 7 5 2 ]; 	3: [ 7 5 3 ]; 	4: [ 7 1 4 ]; 	5: [ 7 5 ]; 	6: [ 7 1 6 ]; 	7: [ 7 ]; 	8: [ 7 8 ]; 	9: [ 7 5 9 ]; 	10: [ 7 5 3 10 ]; 
8 -> 	1: [ 8 5 9 1 ]; 	2: [ 8 5 2 ]; 	3: [ 8 5 3 ]; 	4: [ 8 5 9 1 4 ]; 	5: [ 8 5 ]; 	6: [ 8 5 9 1 6 ]; 	7: [ 8 5 3 10 7 ]; 	8: [ 8 ]; 	9: [ 8 5 9 ]; 	10: [ 8 5 3 10 ]; 
9 -> 	1: [ 9 1 ]; 	2: [ 9 7 5 2 ]; 	3: [ 9 7 5 3 ]; 	4: [ 9 1 4 ]; 	5: [ 9 7 5 ]; 	6: [ 9 1 6 ]; 	7: [ 9 7 ]; 	8: [ 9 1 8 ]; 	9: [ 9 ]; 	10: [ 9 10 ]; 
10 -> 	1: [ 10 7 1 ]; 	2: [ 10 2 ]; 	3: [ 10 7 5 3 ]; 	4: [ 10 7 1 4 ]; 	5: [ 10 7 5 ]; 	6: [ 10 7 1 6 ]; 	7: [ 10 7 ]; 	8: [ 10 7 8 ]; 	9: [ 10 7 5 9 ]; 	10: [ 10 ]; 
Computation took 0.172247 milliseconds

Sneaky Path from 8 to 4: [8, 5, 9, 1, 4]

Minimum Cars Seen:
	1	2	3	4	5	6	7	8	9	10
1	0	28	50	295	64	169	61	64	61	61	
2	36	0	50	36	202	36	115	138	232	115	
3	185	17	0	185	17	169	17	64	61	17	
4	29	28	45	0	45	29	117	29	29	29	
5	36	28	50	36	0	36	17	28	70	17	
6	36	318	50	36	202	0	115	138	232	115	
7	139	28	45	139	45	139	0	108	45	17	
8	36	28	50	36	116	36	17	0	70	17	
9	36	28	45	36	45	36	167	36	0	105	
10	139	185	45	139	45	139	147	108	45	0	
Computation took 0.028049 milliseconds

Maximum Cars Seen:
	1	2	3	4	5	6	7	8	9	10
1	0	116	116	295	116	169	167	64	61	105	
2	232	0	202	295	202	232	147	138	232	115	
3	185	185	0	295	147	185	147	185	185	17	
4	36	117	117	0	117	169	117	64	29	105	
5	70	28	50	295	0	169	147	138	70	50	
6	318	318	318	318	318	0	318	318	318	318	
7	139	45	50	295	45	169	0	108	70	50	
8	116	116	116	295	116	169	147	0	116	116	
9	36	167	167	295	167	169	167	64	0	105	
10	147	185	147	295	147	169	147	147	147	0	
Computation took 0.025284 milliseconds

Average Cars Seen:
	1		2		3		4		5		6		7		8		9		10	
1	0.0		69.3		76.7		295.0		90.0		169.0		114.0		64.0		61.0		83.0		
2	134.0		0.0		126.0		187.7		202.0		145.7		131.0		138.0		232.0		115.0		
3	185.0		101.0		0.0		240.0		69.7		177.0		82.0		124.5		123.0		17.0		
4	32.5		63.3		70.7		0.0		81.0		78.0		117.0		43.0		29.0		67.0		
5	53.0		28.0		50.0		133.7		0.0		91.7		71.3		83.0		70.0		33.5		
6	195.3		318.0		190.0		220.3		260.0		0.0		193.3		228.0		275.0		216.5		
7	139.0		36.5		47.5		217.0		45.0		154.0		0.0		108.0		57.5		37.3		
8	74.0		72.0		83.0		129.3		116.0		97.8		82.5		0.0		93.0		61.0		
9	36.0		80.0		87.3		165.5		106.0		102.5		167.0		50.0		0.0		105.0		
10	143.0		185.0		80.7		193.7		96.0		151.7		147.0		127.5		87.3		0.0		
Computation took 0.050568 milliseconds

Total running time for program: 0.766025 milliseconds
