Number of Cities: 15
Number of Cities: 15Starting point: 3
Ending point: 4

EdgeMatrix: 
	1	2	3	4	5	6	7	8	9	10	11	12	13	14	15
1	0	INF	INF	93	INF	10	INF	INF	INF	INF	INF	91	INF	98	INF	
2	INF	0	INF	INF	INF	INF	94	INF	INF	INF	INF	INF	INF	INF	INF	
3	INF	7	0	INF	INF	INF	INF	INF	INF	INF	INF	INF	90	94	INF	
4	INF	INF	95	0	INF	INF	INF	INF	91	INF	INF	INF	INF	INF	INF	
5	INF	INF	90	INF	0	INF	99	INF	INF	INF	INF	INF	INF	INF	INF	
6	INF	98	INF	INF	INF	0	INF	INF	INF	99	INF	INF	INF	INF	INF	
7	2	93	INF	INF	93	INF	0	INF	INF	INF	97	INF	4	INF	INF	
8	94	INF	INF	INF	INF	INF	92	0	92	6	INF	INF	INF	INF	INF	
9	INF	INF	INF	10	91	INF	INF	93	0	INF	INF	INF	INF	INF	INF	
10	INF	97	INF	INF	INF	INF	96	INF	92	0	90	INF	93	INF	INF	
11	92	INF	INF	INF	INF	91	INF	98	INF	INF	0	INF	INF	INF	98	
12	INF	1	INF	INF	98	INF	INF	INF	INF	INF	INF	0	97	INF	INF	
13	INF	INF	95	92	INF	INF	INF	6	95	97	INF	INF	0	INF	INF	
14	INF	92	94	INF	INF	INF	INF	INF	INF	INF	98	INF	5	0	INF	
15	INF	INF	INF	92	INF	94	INF	91	95	INF	INF	91	7	5	0	

FlowMatrix: 
	1	2	3	4	5	6	7	8	9	10	11	12	13	14	15
1	0	5	0	3	2	9	6	3	3	1	0	9	3	9	4	
2	4	0	0	8	0	3	6	0	8	7	2	4	0	3	5	
3	4	1	0	8	3	7	9	98	9	9	2	7	8	5	95	
4	0	1	5	0	9	3	5	0	2	10	94	6	3	5	7	
5	8	95	10	0	0	10	7	4	7	9	10	5	8	5	0	
6	6	0	6	4	3	0	9	2	1	0	4	2	3	5	0	
7	7	4	9	0	8	0	0	9	2	99	0	4	2	93	5	
8	10	1	3	0	9	8	2	0	7	94	5	9	0	3	0	
9	9	9	91	9	5	3	6	10	0	7	5	7	10	2	6	
10	8	6	10	6	7	1	2	2	1	0	2	1	4	5	98	
11	9	92	7	5	2	1	6	9	8	6	0	8	10	90	3	
12	3	5	9	2	92	4	10	99	9	2	5	0	4	7	9	
13	0	4	7	1	3	3	10	2	6	1	4	0	0	8	7	
14	3	6	90	4	10	5	5	4	1	92	10	4	10	0	6	
15	10	0	93	6	8	8	6	3	8	0	3	8	2	2	0	

All-Pairs Shortest Path Matrix:
	1	2	3	4	5	6	7	8	9	10	11	12	13	14	15
1	0	92	188	93	189	10	186	109	184	109	196	91	103	98	294	
2	96	0	193	189	187	106	94	104	193	110	191	187	98	194	289	
3	103	7	0	182	194	113	101	96	185	102	192	194	90	94	290	
4	198	102	95	0	182	208	196	184	91	190	280	289	185	189	378	
5	101	97	90	194	0	111	99	109	198	115	196	192	103	184	294	
6	194	98	287	201	282	0	192	198	191	99	189	285	192	292	287	
7	2	93	99	95	93	12	0	10	99	16	97	93	4	100	195	
8	94	103	191	102	183	104	92	0	92	6	96	185	96	192	194	
9	187	112	105	10	91	197	185	93	0	99	189	278	189	199	287	
10	98	97	188	102	183	108	96	99	92	0	90	189	93	193	188	
11	92	184	197	185	281	91	190	98	190	104	0	183	105	103	98	
12	97	1	188	189	98	107	95	103	192	109	192	0	97	195	290	
13	100	102	95	92	186	110	98	6	95	12	102	191	0	189	200	
14	105	92	94	97	191	115	103	11	100	17	98	196	5	0	196	
15	107	92	99	92	186	94	105	13	95	19	103	91	7	5	0	
Computation took 0.336988 milliseconds

Actual Shortest-Paths:
1 -> 	1: [ 1 ]; 	2: [ 1 12 2 ]; 	3: [ 1 4 3 ]; 	4: [ 1 4 ]; 	5: [ 1 12 5 ]; 	6: [ 1 6 ]; 	7: [ 1 12 2 7 ]; 	8: [ 1 14 13 8 ]; 	9: [ 1 4 9 ]; 	10: [ 1 6 10 ]; 	11: [ 1 14 11 ]; 	12: [ 1 12 ]; 	13: [ 1 14 13 ]; 	14: [ 1 14 ]; 	15: [ 1 14 11 15 ]; 
2 -> 	1: [ 2 7 1 ]; 	2: [ 2 ]; 	3: [ 2 7 13 3 ]; 	4: [ 2 7 1 4 ]; 	5: [ 2 7 5 ]; 	6: [ 2 7 1 6 ]; 	7: [ 2 7 ]; 	8: [ 2 7 13 8 ]; 	9: [ 2 7 13 9 ]; 	10: [ 2 7 13 8 10 ]; 	11: [ 2 7 11 ]; 	12: [ 2 7 1 12 ]; 	13: [ 2 7 13 ]; 	14: [ 2 7 1 14 ]; 	15: [ 2 7 11 15 ]; 
3 -> 	1: [ 3 2 7 1 ]; 	2: [ 3 2 ]; 	3: [ 3 ]; 	4: [ 3 13 4 ]; 	5: [ 3 2 7 5 ]; 	6: [ 3 2 7 1 6 ]; 	7: [ 3 2 7 ]; 	8: [ 3 13 8 ]; 	9: [ 3 13 9 ]; 	10: [ 3 13 8 10 ]; 	11: [ 3 13 8 10 11 ]; 	12: [ 3 2 7 1 12 ]; 	13: [ 3 13 ]; 	14: [ 3 14 ]; 	15: [ 3 13 8 10 11 15 ]; 
4 -> 	1: [ 4 3 2 7 1 ]; 	2: [ 4 3 2 ]; 	3: [ 4 3 ]; 	4: [ 4 ]; 	5: [ 4 9 5 ]; 	6: [ 4 3 2 7 1 6 ]; 	7: [ 4 3 2 7 ]; 	8: [ 4 9 8 ]; 	9: [ 4 9 ]; 	10: [ 4 9 8 10 ]; 	11: [ 4 9 8 10 11 ]; 	12: [ 4 3 2 7 1 12 ]; 	13: [ 4 3 13 ]; 	14: [ 4 3 14 ]; 	15: [ 4 9 8 10 11 15 ]; 
5 -> 	1: [ 5 7 1 ]; 	2: [ 5 3 2 ]; 	3: [ 5 3 ]; 	4: [ 5 7 1 4 ]; 	5: [ 5 ]; 	6: [ 5 7 1 6 ]; 	7: [ 5 7 ]; 	8: [ 5 7 13 8 ]; 	9: [ 5 7 13 9 ]; 	10: [ 5 7 13 8 10 ]; 	11: [ 5 7 11 ]; 	12: [ 5 7 1 12 ]; 	13: [ 5 7 13 ]; 	14: [ 5 3 14 ]; 	15: [ 5 7 11 15 ]; 
6 -> 	1: [ 6 2 7 1 ]; 	2: [ 6 2 ]; 	3: [ 6 10 13 3 ]; 	4: [ 6 10 9 4 ]; 	5: [ 6 10 9 5 ]; 	6: [ 6 ]; 	7: [ 6 2 7 ]; 	8: [ 6 10 13 8 ]; 	9: [ 6 10 9 ]; 	10: [ 6 10 ]; 	11: [ 6 10 11 ]; 	12: [ 6 2 7 1 12 ]; 	13: [ 6 10 13 ]; 	14: [ 6 2 7 1 14 ]; 	15: [ 6 10 11 15 ]; 
7 -> 	1: [ 7 1 ]; 	2: [ 7 2 ]; 	3: [ 7 13 3 ]; 	4: [ 7 1 4 ]; 	5: [ 7 5 ]; 	6: [ 7 1 6 ]; 	7: [ 7 ]; 	8: [ 7 13 8 ]; 	9: [ 7 13 9 ]; 	10: [ 7 13 8 10 ]; 	11: [ 7 11 ]; 	12: [ 7 1 12 ]; 	13: [ 7 13 ]; 	14: [ 7 1 14 ]; 	15: [ 7 11 15 ]; 
8 -> 	1: [ 8 1 ]; 	2: [ 8 10 2 ]; 	3: [ 8 7 13 3 ]; 	4: [ 8 9 4 ]; 	5: [ 8 9 5 ]; 	6: [ 8 1 6 ]; 	7: [ 8 7 ]; 	8: [ 8 ]; 	9: [ 8 9 ]; 	10: [ 8 10 ]; 	11: [ 8 10 11 ]; 	12: [ 8 1 12 ]; 	13: [ 8 7 13 ]; 	14: [ 8 1 14 ]; 	15: [ 8 10 11 15 ]; 
9 -> 	1: [ 9 8 1 ]; 	2: [ 9 4 3 2 ]; 	3: [ 9 4 3 ]; 	4: [ 9 4 ]; 	5: [ 9 5 ]; 	6: [ 9 8 1 6 ]; 	7: [ 9 8 7 ]; 	8: [ 9 8 ]; 	9: [ 9 ]; 	10: [ 9 8 10 ]; 	11: [ 9 8 10 11 ]; 	12: [ 9 8 1 12 ]; 	13: [ 9 8 7 13 ]; 	14: [ 9 4 3 14 ]; 	15: [ 9 8 10 11 15 ]; 
10 -> 	1: [ 10 7 1 ]; 	2: [ 10 2 ]; 	3: [ 10 13 3 ]; 	4: [ 10 9 4 ]; 	5: [ 10 9 5 ]; 	6: [ 10 7 1 6 ]; 	7: [ 10 7 ]; 	8: [ 10 13 8 ]; 	9: [ 10 9 ]; 	10: [ 10 ]; 	11: [ 10 11 ]; 	12: [ 10 7 1 12 ]; 	13: [ 10 13 ]; 	14: [ 10 11 15 14 ]; 	15: [ 10 11 15 ]; 
11 -> 	1: [ 11 1 ]; 	2: [ 11 1 12 2 ]; 	3: [ 11 15 14 3 ]; 	4: [ 11 1 4 ]; 	5: [ 11 8 9 5 ]; 	6: [ 11 6 ]; 	7: [ 11 8 7 ]; 	8: [ 11 8 ]; 	9: [ 11 8 9 ]; 	10: [ 11 8 10 ]; 	11: [ 11 ]; 	12: [ 11 1 12 ]; 	13: [ 11 15 13 ]; 	14: [ 11 15 14 ]; 	15: [ 11 15 ]; 
12 -> 	1: [ 12 2 7 1 ]; 	2: [ 12 2 ]; 	3: [ 12 5 3 ]; 	4: [ 12 13 4 ]; 	5: [ 12 5 ]; 	6: [ 12 2 7 1 6 ]; 	7: [ 12 2 7 ]; 	8: [ 12 13 8 ]; 	9: [ 12 13 9 ]; 	10: [ 12 13 8 10 ]; 	11: [ 12 2 7 11 ]; 	12: [ 12 ]; 	13: [ 12 13 ]; 	14: [ 12 2 7 1 14 ]; 	15: [ 12 2 7 11 15 ]; 
13 -> 	1: [ 13 8 1 ]; 	2: [ 13 3 2 ]; 	3: [ 13 3 ]; 	4: [ 13 4 ]; 	5: [ 13 9 5 ]; 	6: [ 13 8 1 6 ]; 	7: [ 13 8 7 ]; 	8: [ 13 8 ]; 	9: [ 13 9 ]; 	10: [ 13 8 10 ]; 	11: [ 13 8 10 11 ]; 	12: [ 13 8 1 12 ]; 	13: [ 13 ]; 	14: [ 13 3 14 ]; 	15: [ 13 8 10 11 15 ]; 
14 -> 	1: [ 14 13 8 1 ]; 	2: [ 14 2 ]; 	3: [ 14 3 ]; 	4: [ 14 13 4 ]; 	5: [ 14 13 9 5 ]; 	6: [ 14 13 8 1 6 ]; 	7: [ 14 13 8 7 ]; 	8: [ 14 13 8 ]; 	9: [ 14 13 9 ]; 	10: [ 14 13 8 10 ]; 	11: [ 14 11 ]; 	12: [ 14 13 8 1 12 ]; 	13: [ 14 13 ]; 	14: [ 14 ]; 	15: [ 14 11 15 ]; 
15 -> 	1: [ 15 13 8 1 ]; 	2: [ 15 12 2 ]; 	3: [ 15 14 3 ]; 	4: [ 15 4 ]; 	5: [ 15 9 5 ]; 	6: [ 15 6 ]; 	7: [ 15 13 8 7 ]; 	8: [ 15 13 8 ]; 	9: [ 15 9 ]; 	10: [ 15 13 8 10 ]; 	11: [ 15 14 11 ]; 	12: [ 15 12 ]; 	13: [ 15 13 ]; 	14: [ 15 14 ]; 	15: [ 15 ]; 
Computation took 0.596148 milliseconds

LoadMatrix:
	1	2	3	4	5	6	7	8	9	10	11	12	13	14	15
1	0	INF	INF	19	INF	57	INF	INF	INF	INF	INF	171	INF	130	INF	
2	INF	0	INF	INF	INF	INF	160	INF	INF	INF	INF	INF	INF	INF	INF	
3	INF	154	0	INF	INF	INF	INF	INF	INF	INF	INF	INF	232	25	INF	
4	INF	INF	130	0	INF	INF	INF	INF	125	INF	INF	INF	INF	INF	INF	
5	INF	INF	119	INF	0	INF	68	INF	INF	INF	INF	INF	INF	INF	INF	
6	INF	22	INF	INF	INF	0	INF	INF	INF	24	INF	INF	INF	INF	INF	
7	213	4	INF	INF	11	INF	0	INF	INF	INF	36	INF	177	INF	INF	
8	74	INF	INF	INF	INF	INF	48	0	26	562	INF	INF	INF	INF	INF	
9	INF	INF	INF	121	56	INF	INF	174	0	INF	INF	INF	INF	INF	INF	
10	INF	7	INF	INF	INF	INF	12	INF	22	0	334	INF	27	INF	INF	
11	114	INF	INF	INF	INF	1	INF	31	INF	INF	0	INF	INF	INF	357	
12	INF	146	INF	INF	103	INF	INF	INF	INF	INF	INF	0	116	INF	INF	
13	INF	INF	47	15	INF	INF	INF	599	55	0	INF	INF	0	INF	INF	
14	INF	6	190	INF	INF	INF	INF	INF	INF	INF	23	INF	144	0	INF	
15	INF	INF	INF	6	INF	8	INF	0	16	INF	INF	8	31	200	0	
Computation took 0.072297 milliseconds

All-Pairs Sneaky-Path Matrix:
	1	2	3	4	5	6	7	8	9	10	11	12	13	14	15
1	0	79	149	19	104	57	93	160	103	81	129	171	108	130	486	
2	301	0	290	263	171	197	160	227	243	221	196	472	248	315	553	
3	153	31	0	115	96	49	85	79	95	73	48	324	100	25	405	
4	283	161	130	0	181	179	215	209	125	203	178	454	230	155	535	
5	209	72	119	171	0	105	68	135	151	129	104	380	156	144	461	
6	177	22	98	66	47	0	36	103	46	24	72	348	51	123	429	
7	141	4	130	103	11	37	0	67	83	61	36	312	88	155	393	
8	74	52	178	93	59	85	48	0	26	109	84	245	136	203	441	
9	248	128	175	121	56	161	124	174	0	185	160	419	212	200	517	
10	153	7	74	42	23	49	12	79	22	0	48	324	27	99	405	
11	105	23	99	67	48	1	37	31	47	25	0	276	52	124	357	
12	269	123	163	131	103	165	128	195	138	116	164	0	116	188	521	
13	153	7	47	15	23	49	12	79	22	0	48	324	0	72	405	
14	128	6	122	90	71	24	60	54	70	48	23	299	75	0	380	
15	74	30	78	6	54	8	43	0	16	31	79	8	31	103	0	
Computation took 0.16079 milliseconds

Actual Shortest Sneaky-Paths:
1 -> 	1: [ 1 ]; 	2: [ 1 6 2 ]; 	3: [ 1 4 3 ]; 	4: [ 1 4 ]; 	5: [ 1 6 10 7 5 ]; 	6: [ 1 6 ]; 	7: [ 1 6 10 7 ]; 	8: [ 1 6 10 7 11 8 ]; 	9: [ 1 6 10 9 ]; 	10: [ 1 6 10 ]; 	11: [ 1 6 10 7 11 ]; 	12: [ 1 12 ]; 	13: [ 1 6 10 13 ]; 	14: [ 1 14 ]; 	15: [ 1 6 10 7 11 15 ]; 
2 -> 	1: [ 2 7 11 8 1 ]; 	2: [ 2 ]; 	3: [ 2 7 5 3 ]; 	4: [ 2 7 11 6 10 13 4 ]; 	5: [ 2 7 5 ]; 	6: [ 2 7 11 6 ]; 	7: [ 2 7 ]; 	8: [ 2 7 11 8 ]; 	9: [ 2 7 11 6 10 9 ]; 	10: [ 2 7 11 6 10 ]; 	11: [ 2 7 11 ]; 	12: [ 2 7 11 8 1 12 ]; 	13: [ 2 7 11 6 10 13 ]; 	14: [ 2 7 5 3 14 ]; 	15: [ 2 7 11 15 ]; 
3 -> 	1: [ 3 14 11 8 1 ]; 	2: [ 3 14 2 ]; 	3: [ 3 ]; 	4: [ 3 14 11 6 10 13 4 ]; 	5: [ 3 14 11 6 10 7 5 ]; 	6: [ 3 14 11 6 ]; 	7: [ 3 14 11 6 10 7 ]; 	8: [ 3 14 11 8 ]; 	9: [ 3 14 11 6 10 9 ]; 	10: [ 3 14 11 6 10 ]; 	11: [ 3 14 11 ]; 	12: [ 3 14 11 8 1 12 ]; 	13: [ 3 14 11 6 10 13 ]; 	14: [ 3 14 ]; 	15: [ 3 14 11 15 ]; 
4 -> 	1: [ 4 3 14 11 8 1 ]; 	2: [ 4 3 14 2 ]; 	3: [ 4 3 ]; 	4: [ 4 ]; 	5: [ 4 9 5 ]; 	6: [ 4 3 14 11 6 ]; 	7: [ 4 3 14 11 6 10 7 ]; 	8: [ 4 3 14 11 8 ]; 	9: [ 4 9 ]; 	10: [ 4 3 14 11 6 10 ]; 	11: [ 4 3 14 11 ]; 	12: [ 4 3 14 11 8 1 12 ]; 	13: [ 4 3 14 11 6 10 13 ]; 	14: [ 4 3 14 ]; 	15: [ 4 3 14 11 15 ]; 
5 -> 	1: [ 5 7 11 8 1 ]; 	2: [ 5 7 2 ]; 	3: [ 5 3 ]; 	4: [ 5 7 11 6 10 13 4 ]; 	5: [ 5 ]; 	6: [ 5 7 11 6 ]; 	7: [ 5 7 ]; 	8: [ 5 7 11 8 ]; 	9: [ 5 7 11 6 10 9 ]; 	10: [ 5 7 11 6 10 ]; 	11: [ 5 7 11 ]; 	12: [ 5 7 11 8 1 12 ]; 	13: [ 5 7 11 6 10 13 ]; 	14: [ 5 3 14 ]; 	15: [ 5 7 11 15 ]; 
6 -> 	1: [ 6 10 7 11 8 1 ]; 	2: [ 6 2 ]; 	3: [ 6 10 13 3 ]; 	4: [ 6 10 13 4 ]; 	5: [ 6 10 7 5 ]; 	6: [ 6 ]; 	7: [ 6 10 7 ]; 	8: [ 6 10 7 11 8 ]; 	9: [ 6 10 9 ]; 	10: [ 6 10 ]; 	11: [ 6 10 7 11 ]; 	12: [ 6 10 7 11 8 1 12 ]; 	13: [ 6 10 13 ]; 	14: [ 6 10 13 3 14 ]; 	15: [ 6 10 7 11 15 ]; 
7 -> 	1: [ 7 11 8 1 ]; 	2: [ 7 2 ]; 	3: [ 7 5 3 ]; 	4: [ 7 11 6 10 13 4 ]; 	5: [ 7 5 ]; 	6: [ 7 11 6 ]; 	7: [ 7 ]; 	8: [ 7 11 8 ]; 	9: [ 7 11 6 10 9 ]; 	10: [ 7 11 6 10 ]; 	11: [ 7 11 ]; 	12: [ 7 11 8 1 12 ]; 	13: [ 7 11 6 10 13 ]; 	14: [ 7 5 3 14 ]; 	15: [ 7 11 15 ]; 
8 -> 	1: [ 8 1 ]; 	2: [ 8 7 2 ]; 	3: [ 8 7 5 3 ]; 	4: [ 8 1 4 ]; 	5: [ 8 7 5 ]; 	6: [ 8 7 11 6 ]; 	7: [ 8 7 ]; 	8: [ 8 ]; 	9: [ 8 9 ]; 	10: [ 8 7 11 6 10 ]; 	11: [ 8 7 11 ]; 	12: [ 8 1 12 ]; 	13: [ 8 7 11 6 10 13 ]; 	14: [ 8 7 5 3 14 ]; 	15: [ 8 7 11 15 ]; 
9 -> 	1: [ 9 8 1 ]; 	2: [ 9 5 7 2 ]; 	3: [ 9 5 3 ]; 	4: [ 9 4 ]; 	5: [ 9 5 ]; 	6: [ 9 5 7 11 6 ]; 	7: [ 9 5 7 ]; 	8: [ 9 8 ]; 	9: [ 9 ]; 	10: [ 9 5 7 11 6 10 ]; 	11: [ 9 5 7 11 ]; 	12: [ 9 8 1 12 ]; 	13: [ 9 5 7 11 6 10 13 ]; 	14: [ 9 5 3 14 ]; 	15: [ 9 5 7 11 15 ]; 
10 -> 	1: [ 10 7 11 8 1 ]; 	2: [ 10 2 ]; 	3: [ 10 13 3 ]; 	4: [ 10 13 4 ]; 	5: [ 10 7 5 ]; 	6: [ 10 7 11 6 ]; 	7: [ 10 7 ]; 	8: [ 10 7 11 8 ]; 	9: [ 10 9 ]; 	10: [ 10 ]; 	11: [ 10 7 11 ]; 	12: [ 10 7 11 8 1 12 ]; 	13: [ 10 13 ]; 	14: [ 10 13 3 14 ]; 	15: [ 10 7 11 15 ]; 
11 -> 	1: [ 11 8 1 ]; 	2: [ 11 6 2 ]; 	3: [ 11 6 10 13 3 ]; 	4: [ 11 6 10 13 4 ]; 	5: [ 11 6 10 7 5 ]; 	6: [ 11 6 ]; 	7: [ 11 6 10 7 ]; 	8: [ 11 8 ]; 	9: [ 11 6 10 9 ]; 	10: [ 11 6 10 ]; 	11: [ 11 ]; 	12: [ 11 8 1 12 ]; 	13: [ 11 6 10 13 ]; 	14: [ 11 6 10 13 3 14 ]; 	15: [ 11 15 ]; 
12 -> 	1: [ 12 13 10 7 11 8 1 ]; 	2: [ 12 13 10 2 ]; 	3: [ 12 13 3 ]; 	4: [ 12 13 4 ]; 	5: [ 12 5 ]; 	6: [ 12 13 10 7 11 6 ]; 	7: [ 12 13 10 7 ]; 	8: [ 12 13 10 7 11 8 ]; 	9: [ 12 13 10 9 ]; 	10: [ 12 13 10 ]; 	11: [ 12 13 10 7 11 ]; 	12: [ 12 ]; 	13: [ 12 13 ]; 	14: [ 12 13 3 14 ]; 	15: [ 12 13 10 7 11 15 ]; 
13 -> 	1: [ 13 10 7 11 8 1 ]; 	2: [ 13 10 2 ]; 	3: [ 13 3 ]; 	4: [ 13 4 ]; 	5: [ 13 10 7 5 ]; 	6: [ 13 10 7 11 6 ]; 	7: [ 13 10 7 ]; 	8: [ 13 10 7 11 8 ]; 	9: [ 13 10 9 ]; 	10: [ 13 10 ]; 	11: [ 13 10 7 11 ]; 	12: [ 13 10 7 11 8 1 12 ]; 	13: [ 13 ]; 	14: [ 13 3 14 ]; 	15: [ 13 10 7 11 15 ]; 
14 -> 	1: [ 14 11 8 1 ]; 	2: [ 14 2 ]; 	3: [ 14 11 6 10 13 3 ]; 	4: [ 14 11 6 10 13 4 ]; 	5: [ 14 11 6 10 7 5 ]; 	6: [ 14 11 6 ]; 	7: [ 14 11 6 10 7 ]; 	8: [ 14 11 8 ]; 	9: [ 14 11 6 10 9 ]; 	10: [ 14 11 6 10 ]; 	11: [ 14 11 ]; 	12: [ 14 11 8 1 12 ]; 	13: [ 14 11 6 10 13 ]; 	14: [ 14 ]; 	15: [ 14 11 15 ]; 
15 -> 	1: [ 15 8 1 ]; 	2: [ 15 6 2 ]; 	3: [ 15 13 3 ]; 	4: [ 15 4 ]; 	5: [ 15 13 10 7 5 ]; 	6: [ 15 6 ]; 	7: [ 15 13 10 7 ]; 	8: [ 15 8 ]; 	9: [ 15 9 ]; 	10: [ 15 13 10 ]; 	11: [ 15 13 10 7 11 ]; 	12: [ 15 12 ]; 	13: [ 15 13 ]; 	14: [ 15 13 3 14 ]; 	15: [ 15 ]; 
Computation took 0.664099 milliseconds

Sneaky Path from 3 to 4: [3, 14, 11, 6, 10, 13, 4]

Minimum Cars Seen:
	1	2	3	4	5	6	7	8	9	10	11	12	13	14	15
1	0	22	19	19	11	57	12	12	22	24	12	171	24	130	12	
2	31	0	11	1	11	1	160	31	1	1	36	31	1	11	36	
3	23	6	0	1	1	1	1	23	1	1	23	23	1	25	23	
4	23	6	130	0	56	1	1	23	125	1	23	23	1	25	23	
5	31	4	119	1	0	1	68	31	1	1	36	31	1	25	36	
6	12	22	24	15	11	0	12	12	22	24	12	12	24	24	12	
7	31	4	11	1	11	1	0	31	1	1	36	31	1	11	36	
8	74	4	11	19	11	1	48	0	26	1	36	74	1	11	36	
9	74	4	56	121	56	1	56	174	0	1	36	74	1	25	36	
10	12	7	27	15	11	1	12	12	22	0	12	12	27	25	12	
11	31	1	1	1	1	1	1	31	1	1	0	31	1	1	357	
12	0	0	47	15	103	0	0	0	0	0	0	0	116	25	0	
13	0	0	47	15	0	0	0	0	0	0	0	0	0	25	0	
14	23	6	1	1	1	1	1	23	1	1	23	23	1	0	23	
15	0	8	31	6	0	8	0	0	16	0	0	8	31	25	0	
Computation took 0.071111 milliseconds

Maximum Cars Seen:
	1	2	3	4	5	6	7	8	9	10	11	12	13	14	15
1	0	57	130	19	57	57	57	57	57	57	57	171	57	130	357	
2	160	0	160	160	160	160	160	160	160	160	160	171	160	160	357	
3	74	25	0	27	25	25	25	31	25	25	25	171	27	25	357	
4	130	130	130	0	125	130	130	130	125	130	130	171	130	130	357	
5	74	68	119	68	0	68	68	68	68	68	68	171	68	119	357	
6	74	22	47	27	24	0	24	36	24	24	36	171	27	47	357	
7	74	4	119	36	11	36	0	36	36	36	36	171	36	119	357	
8	74	48	119	74	48	48	48	0	26	48	48	171	48	119	357	
9	174	68	119	121	56	68	68	174	0	68	68	174	68	119	357	
10	74	7	47	27	12	36	12	36	22	0	36	171	27	47	357	
11	74	22	47	27	24	1	24	31	24	24	0	171	27	47	357	
12	116	116	116	116	103	116	116	116	116	116	116	0	116	116	357	
13	74	7	47	15	12	36	12	36	22	0	36	171	0	47	357	
14	74	6	47	27	24	23	24	31	24	24	23	171	27	0	357	
15	74	22	47	6	31	8	31	0	16	31	36	8	31	47	0	
Computation took 0.071111 milliseconds

Average Cars Seen:
	1		2		3		4		5		6		7		8		9		10		11		12		13		14		15	
1	0.0		39.5		74.5		19.0		26.0		57.0		31.0		32.0		34.3		40.5		32.3		171.0		36.0		130.0		97.2		
2	75.3		0.0		96.7		43.8		85.5		65.7		160.0		75.7		48.6		55.3		98.0		94.4		49.6		78.8		184.3		
3	38.3		15.5		0.0		19.2		16.0		16.3		17.0		26.3		19.0		18.3		24.0		64.8		20.0		25.0		135.0		
4	56.6		53.7		130.0		0.0		90.5		44.8		35.8		52.3		125.0		40.6		59.3		75.7		38.3		77.5		133.8		
5	52.3		36.0		119.0		28.5		0.0		35.0		68.0		45.0		30.2		32.3		52.0		76.0		31.2		72.0		153.7		
6	35.4		22.0		32.7		22.0		15.7		0.0		18.0		25.8		23.0		24.0		24.0		58.0		25.5		30.8		107.3		
7	47.0		4.0		65.0		20.6		11.0		18.5		0.0		33.5		20.8		20.3		36.0		78.0		22.0		51.7		196.5		
8	74.0		26.0		59.3		46.5		29.5		28.3		48.0		0.0		26.0		27.3		42.0		122.5		27.2		50.8		147.0		
9	124.0		42.7		87.5		121.0		56.0		40.3		62.0		174.0		0.0		37.0		53.3		139.7		35.3		66.7		129.3		
10	38.3		7.0		37.0		21.0		11.5		16.3		12.0		26.3		22.0		0.0		24.0		64.8		27.0		33.0		135.0		
11	52.5		11.5		24.8		16.8		12.0		1.0		12.3		31.0		15.7		12.5		0.0		92.0		17.3		24.8		357.0		
12	44.8		41.0		81.5		65.5		103.0		33.0		42.7		39.0		46.0		58.0		41.0		0.0		116.0		62.7		104.2		
13	30.6		3.5		47.0		15.0		7.7		12.3		6.0		19.8		11.0		0.0		16.0		54.0		0.0		36.0		101.3		
14	42.7		6.0		24.4		18.0		14.2		12.0		15.0		27.0		17.5		16.0		23.0		74.8		18.8		0.0		190.0		
15	37.0		15.0		39.0		6.0		13.5		8.0		14.3		0.0		16.0		15.5		19.8		8.0		31.0		34.3		0.0		
Computation took 0.192791 milliseconds

Total running time for program: 2.165335 milliseconds
