Number of Cities: 10
Number of Cities: 10Starting point: 5
Ending point: 9

EdgeMatrix: 
	1	2	3	4	5	6	7	8	9	10
1	0	INF	INF	92	INF	10	90	INF	92	90	
2	91	0	98	INF	90	98	INF	93	91	94	
3	91	93	0	4	92	99	INF	INF	INF	INF	
4	92	94	9	0	97	INF	7	97	94	90	
5	INF	95	INF	INF	0	INF	96	92	INF	INF	
6	92	94	INF	INF	INF	0	INF	91	INF	INF	
7	INF	94	95	INF	INF	INF	0	INF	INF	98	
8	97	90	99	91	98	INF	INF	0	93	91	
9	98	90	2	93	INF	90	97	3	0	98	
10	INF	97	INF	4	INF	96	INF	94	INF	0	

FlowMatrix: 
	1	2	3	4	5	6	7	8	9	10
1	0	0	4	0	2	9	7	3	10	10	
2	9	0	9	4	1	9	0	2	3	6	
3	6	96	0	90	1	8	6	3	8	3	
4	9	1	9	0	8	0	1	5	3	0	
5	1	5	2	9	0	5	4	10	94	6	
6	9	99	3	1	1	0	6	0	10	5	
7	4	7	90	0	5	8	0	0	6	0	
8	6	1	4	0	7	8	4	0	2	3	
9	0	0	7	4	9	4	6	5	0	2	
10	99	0	4	2	93	10	3	1	3	0	

All-Pairs Shortest Path Matrix:
	1	2	3	4	5	6	7	8	9	10
1	0	104	94	92	186	10	90	95	92	90	
2	91	0	93	97	90	98	104	93	91	94	
3	91	93	0	4	92	99	11	101	98	94	
4	92	94	9	0	97	102	7	97	94	90	
5	186	95	187	183	0	193	96	92	185	183	
6	92	94	186	182	184	0	182	91	184	182	
7	185	94	95	99	184	192	0	187	185	98	
8	97	90	95	91	98	107	98	0	93	91	
9	93	90	2	6	94	90	13	3	0	94	
10	96	97	13	4	101	96	11	94	98	0	
Computation took 0.147753 milliseconds

Actual Shortest-Paths:
1 -> 	1: [ 1 ]; 	2: [ 1 6 2 ]; 	3: [ 1 9 3 ]; 	4: [ 1 4 ]; 	5: [ 1 9 3 5 ]; 	6: [ 1 6 ]; 	7: [ 1 7 ]; 	8: [ 1 9 8 ]; 	9: [ 1 9 ]; 	10: [ 1 10 ]; 
2 -> 	1: [ 2 1 ]; 	2: [ 2 ]; 	3: [ 2 9 3 ]; 	4: [ 2 9 3 4 ]; 	5: [ 2 5 ]; 	6: [ 2 6 ]; 	7: [ 2 9 3 4 7 ]; 	8: [ 2 8 ]; 	9: [ 2 9 ]; 	10: [ 2 10 ]; 
3 -> 	1: [ 3 1 ]; 	2: [ 3 2 ]; 	3: [ 3 ]; 	4: [ 3 4 ]; 	5: [ 3 5 ]; 	6: [ 3 6 ]; 	7: [ 3 4 7 ]; 	8: [ 3 4 8 ]; 	9: [ 3 4 9 ]; 	10: [ 3 4 10 ]; 
4 -> 	1: [ 4 1 ]; 	2: [ 4 2 ]; 	3: [ 4 3 ]; 	4: [ 4 ]; 	5: [ 4 5 ]; 	6: [ 4 1 6 ]; 	7: [ 4 7 ]; 	8: [ 4 8 ]; 	9: [ 4 9 ]; 	10: [ 4 10 ]; 
5 -> 	1: [ 5 2 1 ]; 	2: [ 5 2 ]; 	3: [ 5 8 9 3 ]; 	4: [ 5 8 4 ]; 	5: [ 5 ]; 	6: [ 5 2 6 ]; 	7: [ 5 7 ]; 	8: [ 5 8 ]; 	9: [ 5 8 9 ]; 	10: [ 5 8 10 ]; 
6 -> 	1: [ 6 1 ]; 	2: [ 6 2 ]; 	3: [ 6 1 9 3 ]; 	4: [ 6 8 4 ]; 	5: [ 6 2 5 ]; 	6: [ 6 ]; 	7: [ 6 1 7 ]; 	8: [ 6 8 ]; 	9: [ 6 1 9 ]; 	10: [ 6 1 10 ]; 
7 -> 	1: [ 7 2 1 ]; 	2: [ 7 2 ]; 	3: [ 7 3 ]; 	4: [ 7 3 4 ]; 	5: [ 7 2 5 ]; 	6: [ 7 2 6 ]; 	7: [ 7 ]; 	8: [ 7 2 8 ]; 	9: [ 7 2 9 ]; 	10: [ 7 10 ]; 
8 -> 	1: [ 8 1 ]; 	2: [ 8 2 ]; 	3: [ 8 9 3 ]; 	4: [ 8 4 ]; 	5: [ 8 5 ]; 	6: [ 8 1 6 ]; 	7: [ 8 4 7 ]; 	8: [ 8 ]; 	9: [ 8 9 ]; 	10: [ 8 10 ]; 
9 -> 	1: [ 9 3 1 ]; 	2: [ 9 2 ]; 	3: [ 9 3 ]; 	4: [ 9 3 4 ]; 	5: [ 9 3 5 ]; 	6: [ 9 6 ]; 	7: [ 9 3 4 7 ]; 	8: [ 9 8 ]; 	9: [ 9 ]; 	10: [ 9 8 10 ]; 
10 -> 	1: [ 10 4 1 ]; 	2: [ 10 2 ]; 	3: [ 10 4 3 ]; 	4: [ 10 4 ]; 	5: [ 10 4 5 ]; 	6: [ 10 6 ]; 	7: [ 10 4 7 ]; 	8: [ 10 8 ]; 	9: [ 10 4 9 ]; 	10: [ 10 ]; 
Computation took 0.277729 milliseconds

LoadMatrix:
	1	2	3	4	5	6	7	8	9	10
1	0	INF	INF	0	INF	17	13	INF	32	15	
2	14	0	0	INF	7	22	INF	2	22	6	
3	6	96	0	124	12	8	INF	INF	INF	INF	
4	108	1	13	0	101	INF	20	8	14	3	
5	INF	11	INF	INF	0	INF	4	121	INF	INF	
6	33	100	INF	INF	INF	0	INF	1	INF	INF	
7	INF	30	90	INF	INF	INF	0	INF	INF	0	
8	14	1	0	14	7	INF	INF	0	102	11	
9	0	0	54	0	INF	4	0	10	0	0	
10	INF	0	INF	204	INF	10	INF	1	INF	0	
Computation took 0.037136 milliseconds

All-Pairs Sneaky-Path Matrix:
	1	2	3	4	5	6	7	8	9	10
1	0	1	1	0	8	9	12	3	14	3	
2	6	0	0	6	7	8	11	2	20	6	
3	6	7	0	6	12	8	16	9	20	9	
4	7	1	1	0	8	9	12	3	14	3	
5	10	4	4	10	0	12	4	5	24	4	
6	7	2	1	7	8	0	12	1	21	8	
7	6	0	0	6	7	8	0	1	20	0	
8	6	1	0	6	7	8	11	0	20	7	
9	0	0	0	0	7	4	0	1	0	0	
10	6	0	0	6	7	8	11	1	20	0	
Computation took 0.103506 milliseconds

Actual Shortest Sneaky-Paths:
1 -> 	1: [ 1 ]; 	2: [ 1 4 2 ]; 	3: [ 1 4 2 3 ]; 	4: [ 1 4 ]; 	5: [ 1 4 2 5 ]; 	6: [ 1 4 2 3 6 ]; 	7: [ 1 4 2 5 7 ]; 	8: [ 1 4 2 8 ]; 	9: [ 1 4 9 ]; 	10: [ 1 4 10 ]; 
2 -> 	1: [ 2 3 1 ]; 	2: [ 2 ]; 	3: [ 2 3 ]; 	4: [ 2 3 1 4 ]; 	5: [ 2 5 ]; 	6: [ 2 3 6 ]; 	7: [ 2 5 7 ]; 	8: [ 2 8 ]; 	9: [ 2 3 1 4 9 ]; 	10: [ 2 10 ]; 
3 -> 	1: [ 3 1 ]; 	2: [ 3 1 4 2 ]; 	3: [ 3 ]; 	4: [ 3 1 4 ]; 	5: [ 3 5 ]; 	6: [ 3 6 ]; 	7: [ 3 5 7 ]; 	8: [ 3 1 4 2 8 ]; 	9: [ 3 1 4 9 ]; 	10: [ 3 1 4 10 ]; 
4 -> 	1: [ 4 2 3 1 ]; 	2: [ 4 2 ]; 	3: [ 4 2 3 ]; 	4: [ 4 ]; 	5: [ 4 2 5 ]; 	6: [ 4 2 3 6 ]; 	7: [ 4 2 5 7 ]; 	8: [ 4 2 8 ]; 	9: [ 4 9 ]; 	10: [ 4 10 ]; 
5 -> 	1: [ 5 7 10 2 3 1 ]; 	2: [ 5 7 10 2 ]; 	3: [ 5 7 10 2 3 ]; 	4: [ 5 7 10 2 3 1 4 ]; 	5: [ 5 ]; 	6: [ 5 7 10 2 3 6 ]; 	7: [ 5 7 ]; 	8: [ 5 7 10 8 ]; 	9: [ 5 7 10 2 3 1 4 9 ]; 	10: [ 5 7 10 ]; 
6 -> 	1: [ 6 8 3 1 ]; 	2: [ 6 8 2 ]; 	3: [ 6 8 3 ]; 	4: [ 6 8 3 1 4 ]; 	5: [ 6 8 5 ]; 	6: [ 6 ]; 	7: [ 6 8 5 7 ]; 	8: [ 6 8 ]; 	9: [ 6 8 3 1 4 9 ]; 	10: [ 6 8 2 10 ]; 
7 -> 	1: [ 7 10 2 3 1 ]; 	2: [ 7 10 2 ]; 	3: [ 7 10 2 3 ]; 	4: [ 7 10 2 3 1 4 ]; 	5: [ 7 10 2 5 ]; 	6: [ 7 10 2 3 6 ]; 	7: [ 7 ]; 	8: [ 7 10 8 ]; 	9: [ 7 10 2 3 1 4 9 ]; 	10: [ 7 10 ]; 
8 -> 	1: [ 8 3 1 ]; 	2: [ 8 2 ]; 	3: [ 8 3 ]; 	4: [ 8 3 1 4 ]; 	5: [ 8 5 ]; 	6: [ 8 3 6 ]; 	7: [ 8 5 7 ]; 	8: [ 8 ]; 	9: [ 8 3 1 4 9 ]; 	10: [ 8 2 10 ]; 
9 -> 	1: [ 9 1 ]; 	2: [ 9 2 ]; 	3: [ 9 2 3 ]; 	4: [ 9 4 ]; 	5: [ 9 2 5 ]; 	6: [ 9 6 ]; 	7: [ 9 7 ]; 	8: [ 9 10 8 ]; 	9: [ 9 ]; 	10: [ 9 10 ]; 
10 -> 	1: [ 10 2 3 1 ]; 	2: [ 10 2 ]; 	3: [ 10 2 3 ]; 	4: [ 10 2 3 1 4 ]; 	5: [ 10 2 5 ]; 	6: [ 10 2 3 6 ]; 	7: [ 10 2 5 7 ]; 	8: [ 10 8 ]; 	9: [ 10 2 3 1 4 9 ]; 	10: [ 10 ]; 
Computation took 0.271407 milliseconds

Sneaky Path from 5 to 9: [5, 7, 10, 2, 3, 1, 4, 9]

Minimum Cars Seen:
	1	2	3	4	5	6	7	8	9	10
1	0	0	0	0	0	0	0	0	0	0	
2	0	0	0	0	7	0	4	2	0	6	
3	6	0	0	0	12	8	4	0	0	0	
4	0	1	0	0	1	0	1	1	14	3	
5	0	0	0	0	0	0	4	0	0	0	
6	0	1	0	0	1	0	1	1	0	1	
7	0	0	0	0	0	0	0	0	0	0	
8	0	1	0	0	7	0	4	0	0	1	
9	0	0	0	0	0	4	0	0	0	0	
10	0	0	0	0	0	0	0	1	0	0	
Computation took 0.032 milliseconds

Maximum Cars Seen:
	1	2	3	4	5	6	7	8	9	10
1	0	1	1	0	7	8	7	2	14	3	
2	6	0	0	6	7	8	7	2	14	6	
3	6	6	0	6	12	8	12	6	14	6	
4	6	1	1	0	7	8	7	2	14	3	
5	6	4	4	6	0	8	4	4	14	4	
6	6	1	1	6	7	0	7	1	14	6	
7	6	0	0	6	7	8	0	1	14	0	
8	6	1	0	6	7	8	7	0	14	6	
9	0	0	0	0	7	4	0	1	0	0	
10	6	0	0	6	7	8	7	1	14	0	
Computation took 0.026469 milliseconds

Average Cars Seen:
	1		2		3		4		5		6		7		8		9		10	
1	0.0		0.5		0.3		0.0		2.7		2.3		3.0		1.0		7.0		1.5		
2	3.0		0.0		0.0		2.0		7.0		4.0		5.5		2.0		5.0		6.0		
3	6.0		2.3		0.0		3.0		12.0		8.0		8.0		2.3		6.7		3.0		
4	2.3		1.0		0.5		0.0		4.0		3.0		4.0		1.5		14.0		3.0		
5	2.0		1.3		1.0		1.7		0.0		2.4		4.0		1.7		3.4		2.0		
6	2.3		1.0		0.5		1.8		4.0		0.0		4.0		1.0		4.2		2.7		
7	1.5		0.0		0.0		1.2		2.3		2.0		0.0		0.5		3.3		0.0		
8	3.0		1.0		0.0		2.0		7.0		4.0		5.5		0.0		5.0		3.5		
9	0.0		0.0		0.0		0.0		3.5		4.0		0.0		0.5		0.0		0.0		
10	2.0		0.0		0.0		1.5		3.5		2.7		3.7		1.0		4.0		0.0		
Computation took 0.033975 milliseconds

Total running time for program: 0.929975 milliseconds
