Number of Cities: 15
Number of Cities: 15Starting point: 6
Ending point: 14

EdgeMatrix: 
	1	2	3	4	5	6	7	8	9	10	11	12	13	14	15
1	0	INF	INF	4	INF	10	INF	7	3	INF	INF	9	INF	INF	INF	
2	INF	0	INF	4	2	5	INF	6	INF	INF	INF	INF	INF	INF	10	
3	INF	INF	0	INF	INF	INF	1	INF	8	INF	7	8	5	INF	2	
4	INF	INF	INF	0	INF	INF	2	INF	INF	INF	INF	INF	INF	INF	INF	
5	1	INF	6	INF	0	INF	INF	6	INF	INF	INF	INF	INF	INF	9	
6	INF	INF	INF	INF	INF	0	INF	10	INF	INF	INF	INF	INF	2	4	
7	INF	INF	4	INF	6	INF	0	INF	8	INF	4	INF	7	INF	5	
8	INF	7	INF	INF	3	INF	3	0	10	INF	2	INF	INF	INF	INF	
9	5	10	2	INF	INF	4	8	INF	0	INF	INF	INF	INF	INF	8	
10	INF	INF	4	INF	INF	INF	INF	INF	INF	0	1	4	INF	INF	3	
11	INF	INF	INF	INF	2	INF	9	9	INF	4	0	INF	9	INF	1	
12	INF	INF	9	INF	INF	INF	9	INF	INF	7	4	0	INF	1	INF	
13	INF	INF	1	INF	6	6	8	INF	INF	INF	INF	INF	0	3	5	
14	INF	1	INF	INF	4	4	9	INF	4	10	INF	INF	10	0	3	
15	INF	5	INF	2	6	INF	INF	2	7	5	INF	5	INF	2	0	

FlowMatrix: 
	1	2	3	4	5	6	7	8	9	10	11	12	13	14	15
1	0	5	0	3	2	9	6	3	10	5	2	7	10	4	4	
2	4	0	0	2	3	6	0	4	7	2	4	0	3	5	8	
3	6	3	0	3	7	9	9	9	8	0	1	5	3	2	2	
4	5	2	9	0	5	0	2	10	94	6	3	5	7	8	95	
5	10	0	2	10	0	4	7	90	0	5	8	5	0	6	0	
6	6	4	3	2	9	0	1	0	4	2	3	5	0	7	4	
7	9	0	8	0	7	9	0	99	0	4	2	93	10	3	1	
8	3	0	9	8	2	99	7	0	9	9	10	0	0	9	9	
9	2	9	5	3	6	10	7	7	0	7	10	2	6	8	6	
10	10	6	6	5	0	4	2	1	9	0	1	4	5	98	9	
11	92	7	5	2	1	6	9	8	6	8	0	90	3	3	5	
12	9	2	92	4	10	99	4	3	1	8	5	0	9	97	6	
13	10	3	3	10	2	6	1	4	0	3	8	7	0	6	90	
14	4	3	6	97	4	0	8	10	5	2	10	5	0	0	6	
15	8	8	6	3	8	0	3	8	2	2	8	9	1	8	0	

All-Pairs Shortest Path Matrix:
	1	2	3	4	5	6	7	8	9	10	11	12	13	14	15
1	0	10	5	4	10	7	6	7	3	12	9	9	10	9	7	
2	3	0	8	4	2	5	6	6	6	12	8	12	13	7	9	
3	8	5	0	4	7	8	1	4	8	7	5	7	5	4	2	
4	9	10	6	0	8	13	2	9	10	10	6	12	9	9	7	
5	1	11	6	5	0	8	7	6	4	12	8	10	11	10	8	
6	6	3	8	6	5	0	8	6	6	9	8	9	12	2	4	
7	7	8	4	7	6	11	0	7	8	8	4	10	7	7	5	
8	4	6	7	5	3	9	3	0	7	6	2	8	10	5	3	
9	5	7	2	6	9	4	3	6	0	9	7	9	7	6	4	
10	4	5	4	4	3	8	5	4	7	0	1	4	9	4	2	
11	3	4	8	3	2	7	5	3	6	4	0	6	9	3	1	
12	5	2	7	6	4	5	8	6	5	7	4	0	11	1	4	
13	7	4	1	5	6	6	2	5	7	8	6	8	0	3	3	
14	4	1	6	5	3	4	7	5	4	8	7	8	10	0	3	
15	6	3	8	2	5	6	4	2	6	5	4	5	11	2	0	
Computation took 0.193976 milliseconds

Actual Shortest-Paths:
1 -> 	1: [ 1 ]; 	2: [ 1 9 6 14 2 ]; 	3: [ 1 9 3 ]; 	4: [ 1 4 ]; 	5: [ 1 8 5 ]; 	6: [ 1 9 6 ]; 	7: [ 1 4 7 ]; 	8: [ 1 8 ]; 	9: [ 1 9 ]; 	10: [ 1 9 3 15 10 ]; 	11: [ 1 8 11 ]; 	12: [ 1 12 ]; 	13: [ 1 9 3 13 ]; 	14: [ 1 9 6 14 ]; 	15: [ 1 9 3 15 ]; 
2 -> 	1: [ 2 5 1 ]; 	2: [ 2 ]; 	3: [ 2 5 3 ]; 	4: [ 2 4 ]; 	5: [ 2 5 ]; 	6: [ 2 6 ]; 	7: [ 2 4 7 ]; 	8: [ 2 8 ]; 	9: [ 2 5 1 9 ]; 	10: [ 2 8 11 10 ]; 	11: [ 2 8 11 ]; 	12: [ 2 5 1 12 ]; 	13: [ 2 5 3 13 ]; 	14: [ 2 6 14 ]; 	15: [ 2 6 15 ]; 
3 -> 	1: [ 3 7 5 1 ]; 	2: [ 3 15 14 2 ]; 	3: [ 3 ]; 	4: [ 3 15 4 ]; 	5: [ 3 7 5 ]; 	6: [ 3 15 14 6 ]; 	7: [ 3 7 ]; 	8: [ 3 15 8 ]; 	9: [ 3 9 ]; 	10: [ 3 15 10 ]; 	11: [ 3 7 11 ]; 	12: [ 3 15 12 ]; 	13: [ 3 13 ]; 	14: [ 3 15 14 ]; 	15: [ 3 15 ]; 
4 -> 	1: [ 4 7 5 1 ]; 	2: [ 4 7 15 14 2 ]; 	3: [ 4 7 3 ]; 	4: [ 4 ]; 	5: [ 4 7 5 ]; 	6: [ 4 7 15 14 6 ]; 	7: [ 4 7 ]; 	8: [ 4 7 15 8 ]; 	9: [ 4 7 9 ]; 	10: [ 4 7 11 10 ]; 	11: [ 4 7 11 ]; 	12: [ 4 7 15 12 ]; 	13: [ 4 7 13 ]; 	14: [ 4 7 15 14 ]; 	15: [ 4 7 15 ]; 
5 -> 	1: [ 5 1 ]; 	2: [ 5 1 9 6 14 2 ]; 	3: [ 5 3 ]; 	4: [ 5 1 4 ]; 	5: [ 5 ]; 	6: [ 5 1 9 6 ]; 	7: [ 5 3 7 ]; 	8: [ 5 8 ]; 	9: [ 5 1 9 ]; 	10: [ 5 8 11 10 ]; 	11: [ 5 8 11 ]; 	12: [ 5 1 12 ]; 	13: [ 5 3 13 ]; 	14: [ 5 1 9 6 14 ]; 	15: [ 5 3 15 ]; 
6 -> 	1: [ 6 14 2 5 1 ]; 	2: [ 6 14 2 ]; 	3: [ 6 14 9 3 ]; 	4: [ 6 15 4 ]; 	5: [ 6 14 2 5 ]; 	6: [ 6 ]; 	7: [ 6 15 4 7 ]; 	8: [ 6 15 8 ]; 	9: [ 6 14 9 ]; 	10: [ 6 15 10 ]; 	11: [ 6 15 8 11 ]; 	12: [ 6 15 12 ]; 	13: [ 6 14 13 ]; 	14: [ 6 14 ]; 	15: [ 6 15 ]; 
7 -> 	1: [ 7 5 1 ]; 	2: [ 7 15 14 2 ]; 	3: [ 7 3 ]; 	4: [ 7 15 4 ]; 	5: [ 7 5 ]; 	6: [ 7 15 14 6 ]; 	7: [ 7 ]; 	8: [ 7 15 8 ]; 	9: [ 7 9 ]; 	10: [ 7 11 10 ]; 	11: [ 7 11 ]; 	12: [ 7 15 12 ]; 	13: [ 7 13 ]; 	14: [ 7 15 14 ]; 	15: [ 7 15 ]; 
8 -> 	1: [ 8 5 1 ]; 	2: [ 8 11 15 14 2 ]; 	3: [ 8 7 3 ]; 	4: [ 8 11 15 4 ]; 	5: [ 8 5 ]; 	6: [ 8 11 15 14 6 ]; 	7: [ 8 7 ]; 	8: [ 8 ]; 	9: [ 8 5 1 9 ]; 	10: [ 8 11 10 ]; 	11: [ 8 11 ]; 	12: [ 8 11 15 12 ]; 	13: [ 8 7 13 ]; 	14: [ 8 11 15 14 ]; 	15: [ 8 11 15 ]; 
9 -> 	1: [ 9 1 ]; 	2: [ 9 6 14 2 ]; 	3: [ 9 3 ]; 	4: [ 9 3 15 4 ]; 	5: [ 9 3 7 5 ]; 	6: [ 9 6 ]; 	7: [ 9 3 7 ]; 	8: [ 9 3 15 8 ]; 	9: [ 9 ]; 	10: [ 9 3 15 10 ]; 	11: [ 9 3 7 11 ]; 	12: [ 9 3 15 12 ]; 	13: [ 9 3 13 ]; 	14: [ 9 6 14 ]; 	15: [ 9 3 15 ]; 
10 -> 	1: [ 10 11 5 1 ]; 	2: [ 10 11 15 14 2 ]; 	3: [ 10 3 ]; 	4: [ 10 11 15 4 ]; 	5: [ 10 11 5 ]; 	6: [ 10 11 15 14 6 ]; 	7: [ 10 3 7 ]; 	8: [ 10 11 15 8 ]; 	9: [ 10 11 5 1 9 ]; 	10: [ 10 ]; 	11: [ 10 11 ]; 	12: [ 10 12 ]; 	13: [ 10 3 13 ]; 	14: [ 10 11 15 14 ]; 	15: [ 10 11 15 ]; 
11 -> 	1: [ 11 5 1 ]; 	2: [ 11 15 14 2 ]; 	3: [ 11 5 3 ]; 	4: [ 11 15 4 ]; 	5: [ 11 5 ]; 	6: [ 11 15 14 6 ]; 	7: [ 11 15 4 7 ]; 	8: [ 11 15 8 ]; 	9: [ 11 5 1 9 ]; 	10: [ 11 10 ]; 	11: [ 11 ]; 	12: [ 11 15 12 ]; 	13: [ 11 13 ]; 	14: [ 11 15 14 ]; 	15: [ 11 15 ]; 
12 -> 	1: [ 12 14 2 5 1 ]; 	2: [ 12 14 2 ]; 	3: [ 12 14 9 3 ]; 	4: [ 12 14 2 4 ]; 	5: [ 12 14 2 5 ]; 	6: [ 12 14 6 ]; 	7: [ 12 14 2 4 7 ]; 	8: [ 12 14 15 8 ]; 	9: [ 12 14 9 ]; 	10: [ 12 10 ]; 	11: [ 12 11 ]; 	12: [ 12 ]; 	13: [ 12 14 13 ]; 	14: [ 12 14 ]; 	15: [ 12 14 15 ]; 
13 -> 	1: [ 13 5 1 ]; 	2: [ 13 14 2 ]; 	3: [ 13 3 ]; 	4: [ 13 3 15 4 ]; 	5: [ 13 5 ]; 	6: [ 13 6 ]; 	7: [ 13 3 7 ]; 	8: [ 13 3 15 8 ]; 	9: [ 13 14 9 ]; 	10: [ 13 3 15 10 ]; 	11: [ 13 3 7 11 ]; 	12: [ 13 3 15 12 ]; 	13: [ 13 ]; 	14: [ 13 14 ]; 	15: [ 13 3 15 ]; 
14 -> 	1: [ 14 2 5 1 ]; 	2: [ 14 2 ]; 	3: [ 14 9 3 ]; 	4: [ 14 2 4 ]; 	5: [ 14 2 5 ]; 	6: [ 14 6 ]; 	7: [ 14 2 4 7 ]; 	8: [ 14 15 8 ]; 	9: [ 14 9 ]; 	10: [ 14 15 10 ]; 	11: [ 14 15 8 11 ]; 	12: [ 14 15 12 ]; 	13: [ 14 13 ]; 	14: [ 14 ]; 	15: [ 14 15 ]; 
15 -> 	1: [ 15 8 5 1 ]; 	2: [ 15 14 2 ]; 	3: [ 15 4 7 3 ]; 	4: [ 15 4 ]; 	5: [ 15 8 5 ]; 	6: [ 15 14 6 ]; 	7: [ 15 4 7 ]; 	8: [ 15 8 ]; 	9: [ 15 14 9 ]; 	10: [ 15 10 ]; 	11: [ 15 8 11 ]; 	12: [ 15 12 ]; 	13: [ 15 4 7 13 ]; 	14: [ 15 14 ]; 	15: [ 15 ]; 
Computation took 0.356741 milliseconds

LoadMatrix:
	1	2	3	4	5	6	7	8	9	10	11	12	13	14	15
1	0	INF	INF	19	INF	0	INF	7	88	INF	INF	12	INF	INF	INF	
2	INF	0	INF	115	59	19	INF	10	INF	INF	INF	INF	INF	INF	0	
3	INF	INF	0	INF	INF	INF	64	INF	8	INF	0	0	27	INF	181	
4	INF	INF	INF	0	INF	INF	289	INF	INF	INF	INF	INF	INF	INF	INF	
5	232	INF	17	INF	0	INF	INF	103	INF	INF	INF	INF	INF	INF	0	
6	INF	INF	INF	INF	INF	0	INF	0	INF	INF	INF	INF	INF	70	25	
7	INF	INF	32	INF	45	INF	0	INF	94	INF	34	INF	18	INF	325	
8	INF	0	INF	INF	32	INF	16	0	0	INF	186	INF	INF	INF	INF	
9	2	0	179	INF	INF	55	0	INF	0	INF	INF	INF	INF	INF	0	
10	INF	INF	13	INF	INF	INF	INF	INF	INF	0	143	4	INF	INF	0	
11	INF	INF	INF	INF	123	INF	0	0	INF	34	0	INF	3	INF	378	
12	INF	INF	0	INF	INF	INF	0	INF	INF	8	5	0	INF	336	INF	
13	INF	INF	126	INF	12	6	0	INF	INF	INF	INF	INF	0	9	0	
14	INF	207	INF	INF	0	226	0	INF	113	0	INF	INF	9	0	42	
15	INF	0	INF	56	0	INF	INF	196	0	21	INF	221	INF	286	0	
Computation took 0.053334 milliseconds

All-Pairs Sneaky-Path Matrix:
	1	2	3	4	5	6	7	8	9	10	11	12	13	14	15
1	0	0	12	19	0	0	0	0	0	20	12	12	15	24	0	
2	2	0	14	21	0	2	0	2	0	21	14	14	17	26	0	
3	2	0	0	21	0	2	0	0	0	8	0	0	3	12	0	
4	309	307	320	0	307	309	289	309	307	316	320	320	307	316	307	
5	2	0	14	21	0	2	0	2	0	21	14	14	17	26	0	
6	2	0	14	21	0	0	0	0	0	21	14	14	17	26	0	
7	20	18	31	39	18	20	0	20	18	27	31	31	18	27	18	
8	2	0	14	21	0	2	0	0	0	21	14	14	17	26	0	
9	2	0	14	21	0	2	0	2	0	21	14	14	17	26	0	
10	2	0	4	21	0	2	0	2	0	0	4	4	7	16	0	
11	2	0	14	21	0	2	0	0	0	12	0	14	3	12	0	
12	2	0	0	21	0	2	0	0	0	8	0	0	3	12	0	
13	2	0	13	21	0	2	0	2	0	9	13	13	0	9	0	
14	2	0	4	21	0	2	0	2	0	0	4	4	7	0	0	
15	2	0	14	21	0	2	0	2	0	21	14	14	17	26	0	
Computation took 0.303013 milliseconds

Actual Shortest Sneaky-Paths:
1 -> 	1: [ 1 ]; 	2: [ 1 6 8 2 ]; 	3: [ 1 12 3 ]; 	4: [ 1 4 ]; 	5: [ 1 6 8 2 15 5 ]; 	6: [ 1 6 ]; 	7: [ 1 6 8 9 7 ]; 	8: [ 1 6 8 ]; 	9: [ 1 6 8 9 ]; 	10: [ 1 12 10 ]; 	11: [ 1 12 3 11 ]; 	12: [ 1 12 ]; 	13: [ 1 12 3 11 13 ]; 	14: [ 1 12 3 11 13 14 ]; 	15: [ 1 6 8 2 15 ]; 
2 -> 	1: [ 2 15 9 1 ]; 	2: [ 2 ]; 	3: [ 2 15 9 1 12 3 ]; 	4: [ 2 15 9 1 4 ]; 	5: [ 2 15 5 ]; 	6: [ 2 15 9 1 6 ]; 	7: [ 2 15 9 7 ]; 	8: [ 2 15 9 1 6 8 ]; 	9: [ 2 15 9 ]; 	10: [ 2 15 10 ]; 	11: [ 2 15 9 1 12 3 11 ]; 	12: [ 2 15 9 1 12 ]; 	13: [ 2 15 9 1 12 3 11 13 ]; 	14: [ 2 15 9 1 12 3 11 13 14 ]; 	15: [ 2 15 ]; 
3 -> 	1: [ 3 11 8 9 1 ]; 	2: [ 3 11 8 2 ]; 	3: [ 3 ]; 	4: [ 3 11 8 9 1 4 ]; 	5: [ 3 11 8 2 15 5 ]; 	6: [ 3 11 8 9 1 6 ]; 	7: [ 3 11 7 ]; 	8: [ 3 11 8 ]; 	9: [ 3 11 8 9 ]; 	10: [ 3 12 10 ]; 	11: [ 3 11 ]; 	12: [ 3 12 ]; 	13: [ 3 11 13 ]; 	14: [ 3 11 13 14 ]; 	15: [ 3 11 8 2 15 ]; 
4 -> 	1: [ 4 7 13 15 9 1 ]; 	2: [ 4 7 13 15 2 ]; 	3: [ 4 7 13 14 10 12 3 ]; 	4: [ 4 ]; 	5: [ 4 7 13 15 5 ]; 	6: [ 4 7 13 15 9 1 6 ]; 	7: [ 4 7 ]; 	8: [ 4 7 13 15 9 1 6 8 ]; 	9: [ 4 7 13 15 9 ]; 	10: [ 4 7 13 14 10 ]; 	11: [ 4 7 13 14 10 12 3 11 ]; 	12: [ 4 7 13 14 10 12 ]; 	13: [ 4 7 13 ]; 	14: [ 4 7 13 14 ]; 	15: [ 4 7 13 15 ]; 
5 -> 	1: [ 5 15 9 1 ]; 	2: [ 5 15 2 ]; 	3: [ 5 15 9 1 12 3 ]; 	4: [ 5 15 9 1 4 ]; 	5: [ 5 ]; 	6: [ 5 15 9 1 6 ]; 	7: [ 5 15 9 7 ]; 	8: [ 5 15 9 1 6 8 ]; 	9: [ 5 15 9 ]; 	10: [ 5 15 10 ]; 	11: [ 5 15 9 1 12 3 11 ]; 	12: [ 5 15 9 1 12 ]; 	13: [ 5 15 9 1 12 3 11 13 ]; 	14: [ 5 15 9 1 12 3 11 13 14 ]; 	15: [ 5 15 ]; 
6 -> 	1: [ 6 8 9 1 ]; 	2: [ 6 8 2 ]; 	3: [ 6 8 9 1 12 3 ]; 	4: [ 6 8 9 1 4 ]; 	5: [ 6 8 2 15 5 ]; 	6: [ 6 ]; 	7: [ 6 8 9 7 ]; 	8: [ 6 8 ]; 	9: [ 6 8 9 ]; 	10: [ 6 8 2 15 10 ]; 	11: [ 6 8 9 1 12 3 11 ]; 	12: [ 6 8 9 1 12 ]; 	13: [ 6 8 9 1 12 3 11 13 ]; 	14: [ 6 8 9 1 12 3 11 13 14 ]; 	15: [ 6 8 2 15 ]; 
7 -> 	1: [ 7 13 15 9 1 ]; 	2: [ 7 13 15 2 ]; 	3: [ 7 13 14 10 12 3 ]; 	4: [ 7 13 15 9 1 4 ]; 	5: [ 7 13 15 5 ]; 	6: [ 7 13 15 9 1 6 ]; 	7: [ 7 ]; 	8: [ 7 13 15 9 1 6 8 ]; 	9: [ 7 13 15 9 ]; 	10: [ 7 13 14 10 ]; 	11: [ 7 13 14 10 12 3 11 ]; 	12: [ 7 13 14 10 12 ]; 	13: [ 7 13 ]; 	14: [ 7 13 14 ]; 	15: [ 7 13 15 ]; 
8 -> 	1: [ 8 9 1 ]; 	2: [ 8 2 ]; 	3: [ 8 9 1 12 3 ]; 	4: [ 8 9 1 4 ]; 	5: [ 8 2 15 5 ]; 	6: [ 8 9 1 6 ]; 	7: [ 8 9 7 ]; 	8: [ 8 ]; 	9: [ 8 9 ]; 	10: [ 8 2 15 10 ]; 	11: [ 8 9 1 12 3 11 ]; 	12: [ 8 9 1 12 ]; 	13: [ 8 9 1 12 3 11 13 ]; 	14: [ 8 9 1 12 3 11 13 14 ]; 	15: [ 8 2 15 ]; 
9 -> 	1: [ 9 1 ]; 	2: [ 9 2 ]; 	3: [ 9 1 12 3 ]; 	4: [ 9 1 4 ]; 	5: [ 9 15 5 ]; 	6: [ 9 1 6 ]; 	7: [ 9 7 ]; 	8: [ 9 1 6 8 ]; 	9: [ 9 ]; 	10: [ 9 15 10 ]; 	11: [ 9 1 12 3 11 ]; 	12: [ 9 1 12 ]; 	13: [ 9 1 12 3 11 13 ]; 	14: [ 9 1 12 3 11 13 14 ]; 	15: [ 9 15 ]; 
10 -> 	1: [ 10 15 9 1 ]; 	2: [ 10 15 2 ]; 	3: [ 10 12 3 ]; 	4: [ 10 15 9 1 4 ]; 	5: [ 10 15 5 ]; 	6: [ 10 15 9 1 6 ]; 	7: [ 10 15 9 7 ]; 	8: [ 10 15 9 1 6 8 ]; 	9: [ 10 15 9 ]; 	10: [ 10 ]; 	11: [ 10 12 3 11 ]; 	12: [ 10 12 ]; 	13: [ 10 12 3 11 13 ]; 	14: [ 10 12 3 11 13 14 ]; 	15: [ 10 15 ]; 
11 -> 	1: [ 11 8 9 1 ]; 	2: [ 11 8 2 ]; 	3: [ 11 8 9 1 12 3 ]; 	4: [ 11 8 9 1 4 ]; 	5: [ 11 8 2 15 5 ]; 	6: [ 11 8 9 1 6 ]; 	7: [ 11 7 ]; 	8: [ 11 8 ]; 	9: [ 11 8 9 ]; 	10: [ 11 13 14 10 ]; 	11: [ 11 ]; 	12: [ 11 8 9 1 12 ]; 	13: [ 11 13 ]; 	14: [ 11 13 14 ]; 	15: [ 11 8 2 15 ]; 
12 -> 	1: [ 12 3 11 8 9 1 ]; 	2: [ 12 3 11 8 2 ]; 	3: [ 12 3 ]; 	4: [ 12 3 11 8 9 1 4 ]; 	5: [ 12 3 11 8 2 15 5 ]; 	6: [ 12 3 11 8 9 1 6 ]; 	7: [ 12 7 ]; 	8: [ 12 3 11 8 ]; 	9: [ 12 3 11 8 9 ]; 	10: [ 12 10 ]; 	11: [ 12 3 11 ]; 	12: [ 12 ]; 	13: [ 12 3 11 13 ]; 	14: [ 12 3 11 13 14 ]; 	15: [ 12 3 11 8 2 15 ]; 
13 -> 	1: [ 13 15 9 1 ]; 	2: [ 13 15 2 ]; 	3: [ 13 14 10 12 3 ]; 	4: [ 13 15 9 1 4 ]; 	5: [ 13 15 5 ]; 	6: [ 13 15 9 1 6 ]; 	7: [ 13 7 ]; 	8: [ 13 15 9 1 6 8 ]; 	9: [ 13 15 9 ]; 	10: [ 13 14 10 ]; 	11: [ 13 14 10 12 3 11 ]; 	12: [ 13 14 10 12 ]; 	13: [ 13 ]; 	14: [ 13 14 ]; 	15: [ 13 15 ]; 
14 -> 	1: [ 14 5 15 9 1 ]; 	2: [ 14 5 15 2 ]; 	3: [ 14 10 12 3 ]; 	4: [ 14 5 15 9 1 4 ]; 	5: [ 14 5 ]; 	6: [ 14 5 15 9 1 6 ]; 	7: [ 14 7 ]; 	8: [ 14 5 15 9 1 6 8 ]; 	9: [ 14 5 15 9 ]; 	10: [ 14 10 ]; 	11: [ 14 10 12 3 11 ]; 	12: [ 14 10 12 ]; 	13: [ 14 10 12 3 11 13 ]; 	14: [ 14 ]; 	15: [ 14 5 15 ]; 
15 -> 	1: [ 15 9 1 ]; 	2: [ 15 2 ]; 	3: [ 15 9 1 12 3 ]; 	4: [ 15 9 1 4 ]; 	5: [ 15 5 ]; 	6: [ 15 9 1 6 ]; 	7: [ 15 9 7 ]; 	8: [ 15 9 1 6 8 ]; 	9: [ 15 9 ]; 	10: [ 15 10 ]; 	11: [ 15 9 1 12 3 11 ]; 	12: [ 15 9 1 12 ]; 	13: [ 15 9 1 12 3 11 13 ]; 	14: [ 15 9 1 12 3 11 13 14 ]; 	15: [ 15 ]; 
Computation took 0.361876 milliseconds

Sneaky Path from 6 to 14: [6, 8, 9, 1, 12, 3, 11, 13, 14]

Minimum Cars Seen:
	1	2	3	4	5	6	7	8	9	10	11	12	13	14	15
1	0	0	0	19	0	0	0	0	0	8	0	12	0	0	0	
2	0	0	0	0	0	0	0	0	0	0	0	0	0	0	0	
3	0	0	0	0	0	0	0	0	0	0	0	0	0	0	0	
4	0	0	0	0	0	0	289	0	0	0	0	0	18	9	0	
5	0	0	0	0	0	0	0	0	0	0	0	0	0	0	0	
6	0	0	0	0	0	0	0	0	0	0	0	0	0	0	0	
7	0	0	0	0	0	0	0	0	0	0	0	0	18	9	0	
8	0	0	0	0	0	0	0	0	0	0	0	0	0	0	0	
9	2	0	0	2	0	0	0	0	0	0	0	2	0	0	0	
10	0	0	0	0	0	0	0	0	0	0	0	4	0	0	0	
11	0	0	0	0	0	0	0	0	0	0	0	0	3	3	0	
12	0	0	0	0	0	0	0	0	0	8	0	0	0	0	0	
13	0	0	0	0	0	0	0	0	0	0	0	0	0	9	0	
14	0	0	0	0	0	0	0	0	0	0	0	0	0	0	0	
15	0	0	0	0	0	0	0	0	0	21	0	0	0	0	0	
Computation took 0.396247 milliseconds

Maximum Cars Seen:
	1	2	3	4	5	6	7	8	9	10	11	12	13	14	15
1	0	0	12	19	0	0	0	0	0	12	12	12	12	12	0	
2	2	0	12	19	0	2	0	2	0	21	12	12	12	12	0	
3	2	0	0	19	0	2	0	0	0	8	0	0	3	9	0	
4	289	289	289	0	289	289	289	289	289	289	289	289	289	289	289	
5	2	0	12	19	0	2	0	2	0	21	12	12	12	12	0	
6	2	0	12	19	0	0	0	0	0	21	12	12	12	12	0	
7	18	18	18	19	18	18	0	18	18	18	18	18	18	18	18	
8	2	0	12	19	0	2	0	0	0	21	12	12	12	12	0	
9	2	0	12	19	0	2	0	2	0	21	12	12	12	12	0	
10	2	0	4	19	0	2	0	2	0	0	4	4	4	9	0	
11	2	0	12	19	0	2	0	0	0	9	0	12	3	9	0	
12	2	0	0	19	0	2	0	0	0	8	0	0	3	9	0	
13	2	0	9	19	0	2	0	2	0	9	9	9	0	9	0	
14	2	0	4	19	0	2	0	2	0	0	4	4	4	0	0	
15	2	0	12	19	0	2	0	2	0	21	12	12	12	12	0	
Computation took 0.067951 milliseconds

Average Cars Seen:
	1		2		3		4		5		6		7		8		9		10		11		12		13		14		15	
1	0.0		0.0		6.0		19.0		0.0		0.0		0.0		0.0		0.0		10.0		4.0		12.0		3.8		4.8		0.0		
2	0.7		0.0		2.8		5.3		0.0		0.5		0.0		0.4		0.0		10.5		2.3		3.5		2.4		3.3		0.0		
3	0.5		0.0		0.0		4.2		0.0		0.4		0.0		0.0		0.0		4.0		0.0		0.0		1.5		4.0		0.0		
4	61.8		76.8		53.3		0.0		76.8		51.5		289.0		44.1		76.8		79.0		45.7		64.0		153.5		105.3		102.3		
5	0.7		0.0		2.8		5.3		0.0		0.5		0.0		0.4		0.0		10.5		2.3		3.5		2.4		3.3		0.0		
6	0.7		0.0		2.8		5.3		0.0		0.0		0.0		0.0		0.0		5.3		2.3		3.5		2.4		3.3		0.0		
7	5.0		6.0		6.2		7.8		6.0		4.0		0.0		3.3		6.0		9.0		5.2		7.8		18.0		13.5		9.0		
8	1.0		0.0		3.5		7.0		0.0		0.7		0.0		0.0		0.0		7.0		2.8		4.7		2.8		3.7		0.0		
9	2.0		0.0		4.7		10.5		0.0		1.0		0.0		0.7		0.0		10.5		3.5		7.0		3.4		4.3		0.0		
10	0.7		0.0		2.0		5.3		0.0		0.5		0.0		0.4		0.0		0.0		1.3		4.0		1.8		3.2		0.0		
11	0.7		0.0		2.8		5.3		0.0		0.5		0.0		0.0		0.0		4.0		0.0		3.5		3.0		6.0		0.0		
12	0.4		0.0		0.0		3.5		0.0		0.3		0.0		0.0		0.0		8.0		0.0		0.0		1.0		3.0		0.0		
13	0.7		0.0		3.3		5.3		0.0		0.5		0.0		0.4		0.0		4.5		2.6		4.3		0.0		9.0		0.0		
14	0.5		0.0		1.3		4.2		0.0		0.4		0.0		0.3		0.0		0.0		1.0		2.0		1.4		0.0		0.0		
15	1.0		0.0		3.5		7.0		0.0		0.7		0.0		0.5		0.0		21.0		2.8		4.7		2.8		3.7		0.0		
Computation took 0.142222 milliseconds

Total running time for program: 1.87536 milliseconds
