Number of Cities: 25
Number of Cities: 25Starting point: 4
Ending point: 9

EdgeMatrix: 
	1	2	3	4	5	6	7	8	9	10	11	12	13	14	15	16	17	18	19	20	21	22	23	24	25
1	0	INF	INF	INF	98	INF	INF	INF	INF	INF	INF	INF	INF	93	INF	INF	INF	INF	3	INF	90	INF	INF	INF	INF	
2	INF	0	INF	INF	96	INF	INF	INF	INF	INF	INF	INF	INF	INF	INF	INF	INF	INF	INF	INF	INF	3	92	INF	INF	
3	90	INF	0	INF	96	INF	INF	INF	5	INF	INF	4	INF	INF	5	INF	93	92	INF	INF	INF	INF	INF	INF	INF	
4	92	INF	INF	0	INF	INF	INF	INF	INF	INF	94	INF	INF	INF	INF	INF	INF	INF	INF	91	INF	INF	92	INF	INF	
5	INF	INF	3	INF	0	INF	INF	INF	INF	INF	INF	93	INF	INF	INF	96	INF	INF	INF	INF	INF	INF	INF	INF	INF	
6	INF	INF	INF	94	INF	0	INF	91	INF	INF	INF	INF	INF	INF	INF	INF	INF	96	INF	INF	INF	INF	INF	INF	99	
7	INF	INF	INF	INF	INF	INF	0	INF	INF	INF	INF	INF	INF	5	INF	INF	INF	INF	INF	INF	INF	INF	INF	INF	INF	
8	INF	INF	99	INF	INF	INF	INF	0	INF	INF	INF	3	INF	4	INF	INF	INF	99	INF	INF	INF	INF	98	INF	INF	
9	97	INF	INF	90	INF	INF	INF	INF	0	INF	INF	99	INF	94	INF	INF	INF	INF	94	INF	99	INF	INF	INF	INF	
10	94	INF	INF	INF	INF	94	INF	INF	INF	0	94	INF	INF	INF	INF	INF	INF	INF	INF	94	INF	INF	INF	INF	92	
11	INF	INF	INF	90	92	INF	INF	INF	INF	92	0	INF	INF	94	INF	INF	INF	INF	INF	INF	INF	92	INF	91	96	
12	95	INF	99	INF	97	INF	98	INF	INF	INF	INF	0	INF	97	INF	INF	INF	INF	INF	INF	INF	91	INF	INF	INF	
13	INF	INF	INF	INF	99	99	INF	INF	INF	INF	INF	INF	0	INF	INF	INF	INF	INF	INF	INF	INF	INF	INF	INF	98	
14	2	91	INF	INF	INF	INF	INF	91	INF	INF	98	97	INF	0	INF	INF	2	INF	INF	INF	INF	INF	INF	97	98	
15	INF	INF	INF	INF	90	INF	INF	INF	96	INF	INF	INF	INF	INF	0	94	INF	INF	INF	INF	INF	96	INF	INF	93	
16	90	INF	95	INF	INF	INF	INF	INF	INF	INF	INF	99	97	INF	INF	0	INF	INF	INF	INF	INF	INF	INF	5	INF	
17	INF	INF	91	5	INF	96	98	INF	INF	INF	INF	INF	INF	2	INF	INF	0	INF	INF	INF	91	INF	INF	INF	INF	
18	INF	91	INF	INF	INF	91	INF	INF	INF	INF	INF	INF	INF	INF	INF	INF	5	0	INF	INF	INF	5	96	INF	INF	
19	INF	INF	94	95	INF	99	92	INF	INF	95	INF	INF	INF	INF	90	99	96	INF	0	INF	95	INF	INF	INF	INF	
20	INF	INF	93	INF	INF	INF	INF	INF	INF	92	INF	INF	INF	INF	5	INF	INF	4	98	0	INF	INF	INF	INF	90	
21	INF	INF	98	INF	INF	INF	INF	INF	INF	INF	5	INF	90	INF	INF	INF	INF	INF	INF	INF	0	93	INF	INF	92	
22	95	INF	INF	INF	90	INF	INF	INF	INF	INF	INF	INF	INF	90	INF	INF	INF	INF	90	INF	INF	0	INF	92	INF	
23	INF	95	INF	93	INF	INF	INF	INF	INF	INF	INF	INF	94	97	97	INF	INF	5	INF	INF	INF	INF	0	INF	INF	
24	INF	99	INF	INF	INF	INF	INF	INF	INF	INF	97	INF	INF	INF	INF	INF	INF	INF	INF	94	INF	INF	INF	0	2	
25	97	INF	INF	INF	INF	INF	5	INF	INF	INF	96	94	INF	3	INF	INF	INF	INF	INF	92	INF	INF	INF	INF	0	

FlowMatrix: 
	1	2	3	4	5	6	7	8	9	10	11	12	13	14	15	16	17	18	19	20	21	22	23	24	25
1	0	0	0	0	2	93	0	95	96	0	0	0	0	0	99	0	0	90	0	92	92	0	90	90	0	
2	0	0	92	99	97	0	94	0	0	0	0	0	0	92	4	92	3	0	0	99	0	0	0	96	94	
3	5	96	0	92	0	99	0	97	92	0	0	91	98	94	0	0	0	92	0	0	92	0	0	99	92	
4	91	0	0	0	95	0	0	95	0	0	93	94	0	0	0	95	98	0	0	0	91	0	0	99	4	
5	0	99	93	0	0	0	4	93	91	0	0	0	0	0	0	0	92	0	92	96	0	0	0	92	0	
6	0	0	90	0	0	0	0	0	94	92	0	99	0	0	99	0	91	0	0	0	0	0	0	96	97	
7	0	99	93	0	0	0	0	0	0	0	90	0	0	0	0	0	95	0	94	90	91	0	0	93	0	
8	0	0	0	0	0	0	92	0	93	5	0	0	0	0	0	0	4	0	0	93	90	0	0	4	94	
9	93	0	0	92	90	0	0	95	0	0	0	95	98	0	99	0	96	0	95	0	0	0	95	0	96	
10	0	0	0	93	93	0	0	93	93	0	95	0	0	91	96	0	94	94	0	0	0	0	0	97	0	
11	93	0	92	0	92	0	0	0	0	0	0	3	0	0	93	0	0	0	97	92	0	0	98	91	97	
12	0	0	99	0	0	3	0	96	0	0	96	0	0	0	0	90	95	90	95	0	91	95	0	90	98	
13	0	0	0	94	4	0	94	0	0	98	0	0	0	0	0	0	0	0	0	0	99	90	96	5	0	
14	0	96	0	0	98	96	0	2	91	0	95	91	95	0	0	96	99	0	98	0	0	99	0	99	0	
15	97	0	0	92	0	97	0	0	0	92	99	0	90	0	0	0	95	0	96	0	94	0	0	0	0	
16	0	95	0	0	0	5	0	96	0	0	0	0	95	95	92	0	0	91	0	93	0	96	0	92	0	
17	96	0	95	94	97	0	0	0	98	95	0	0	0	0	0	0	0	0	95	98	0	90	0	91	0	
18	0	0	0	0	0	97	0	3	0	93	91	0	0	94	0	2	92	0	0	93	90	0	96	96	96	
19	0	93	92	0	0	0	94	0	99	96	0	0	0	95	0	99	0	90	0	98	0	2	96	0	98	
20	91	0	0	90	0	0	90	0	0	0	0	91	97	98	0	99	97	0	97	0	92	0	0	0	0	
21	0	0	94	90	0	99	95	0	94	0	0	0	0	0	96	95	0	95	0	0	0	99	0	0	0	
22	0	0	98	0	0	0	0	0	0	0	97	0	0	0	0	0	0	97	0	94	0	0	96	95	0	
23	96	0	0	0	90	0	97	96	0	0	94	0	0	0	96	0	5	0	0	95	0	99	0	0	90	
24	0	98	91	90	0	0	0	0	0	97	92	0	93	0	0	0	96	95	0	0	0	0	96	0	93	
25	0	98	0	0	90	0	0	99	0	94	98	92	94	0	0	0	0	92	0	95	0	90	0	0	0	

All-Pairs Shortest Path Matrix:
	1	2	3	4	5	6	7	8	9	10	11	12	13	14	15	16	17	18	19	20	21	22	23	24	25
1	0	184	97	98	98	102	95	184	102	98	95	101	180	93	93	102	95	189	3	189	90	183	190	107	109	
2	95	0	96	100	93	188	102	184	101	188	190	100	186	93	101	189	95	97	93	189	185	3	92	95	97	
3	90	183	0	95	95	183	102	186	5	188	109	4	194	95	5	99	93	92	93	186	104	95	187	104	98	
4	92	186	184	0	186	186	186	193	189	183	94	188	186	102	96	190	100	95	95	91	182	100	92	185	181	
5	93	186	3	98	0	186	105	189	8	191	112	7	193	98	8	96	96	95	96	189	107	98	190	101	101	
6	97	186	188	94	191	0	104	91	193	195	188	94	277	95	190	199	97	96	100	185	187	101	186	192	99	
7	7	96	98	12	105	103	0	96	103	105	102	99	187	5	100	109	7	107	10	103	97	99	104	102	103	
8	6	95	97	11	100	102	101	0	102	104	101	3	186	4	99	108	6	99	9	102	96	94	98	101	102	
9	96	185	187	90	194	192	186	185	0	189	104	99	189	94	184	193	96	185	94	181	99	188	182	191	191	
10	94	186	187	102	186	94	97	185	192	0	94	186	274	95	99	193	97	98	97	94	184	103	194	185	92	
11	96	185	95	90	92	186	98	185	100	92	0	99	276	94	100	188	96	185	99	181	186	92	182	91	93	
12	95	188	99	104	97	195	98	188	104	193	190	0	275	97	104	193	99	191	98	195	185	91	196	183	185	
13	103	192	102	108	99	99	103	190	107	201	194	106	0	101	107	195	103	194	106	190	193	195	200	198	98	
14	2	91	93	7	100	98	97	91	98	100	97	94	182	0	95	104	2	102	5	98	92	94	99	97	98	
15	98	187	93	103	90	194	98	187	96	196	189	97	191	96	0	94	98	185	101	185	188	96	195	99	93	
16	12	101	95	17	110	108	12	101	100	110	102	99	97	10	100	0	12	103	15	99	102	104	109	5	7	
17	4	93	91	5	102	96	98	93	96	102	96	95	181	2	96	106	0	100	7	96	91	96	97	99	100	
18	9	91	96	10	95	91	103	98	101	107	101	100	186	7	101	111	5	0	12	101	96	5	96	97	99	
19	99	188	94	95	180	99	92	188	99	95	100	98	185	97	90	99	96	186	0	186	95	186	187	104	106	
20	13	95	93	14	95	95	95	102	98	92	105	97	190	11	5	99	9	4	16	0	100	9	100	101	90	
21	97	186	98	95	97	189	97	186	103	97	5	102	90	95	103	193	97	188	100	184	0	93	187	96	92	
22	92	181	93	97	90	188	99	181	98	185	187	97	272	90	98	186	92	185	90	186	182	0	189	92	94	
23	14	95	101	15	100	96	108	103	106	112	106	105	94	12	97	116	10	5	17	106	101	10	0	102	104	
24	7	96	98	12	105	103	7	96	103	105	97	96	187	5	99	109	7	98	10	94	97	99	104	0	2	
25	5	94	96	10	103	101	5	94	101	103	96	94	185	3	97	107	5	96	8	92	95	97	102	100	0	
Computation took 0.67121 milliseconds

Actual Shortest-Paths:
1 -> 	1: [ 1 ]; 	2: [ 1 14 2 ]; 	3: [ 1 19 3 ]; 	4: [ 1 19 4 ]; 	5: [ 1 5 ]; 	6: [ 1 19 6 ]; 	7: [ 1 19 7 ]; 	8: [ 1 14 8 ]; 	9: [ 1 19 3 9 ]; 	10: [ 1 19 10 ]; 	11: [ 1 21 11 ]; 	12: [ 1 19 3 12 ]; 	13: [ 1 21 13 ]; 	14: [ 1 14 ]; 	15: [ 1 19 15 ]; 	16: [ 1 19 16 ]; 	17: [ 1 14 17 ]; 	18: [ 1 19 3 18 ]; 	19: [ 1 19 ]; 	20: [ 1 19 4 20 ]; 	21: [ 1 21 ]; 	22: [ 1 21 22 ]; 	23: [ 1 19 4 23 ]; 	24: [ 1 19 16 24 ]; 	25: [ 1 19 16 24 25 ]; 
2 -> 	1: [ 2 22 14 1 ]; 	2: [ 2 ]; 	3: [ 2 22 5 3 ]; 	4: [ 2 22 14 17 4 ]; 	5: [ 2 22 5 ]; 	6: [ 2 23 18 6 ]; 	7: [ 2 22 24 25 7 ]; 	8: [ 2 22 14 8 ]; 	9: [ 2 22 5 3 9 ]; 	10: [ 2 22 19 10 ]; 	11: [ 2 22 14 1 21 11 ]; 	12: [ 2 22 5 3 12 ]; 	13: [ 2 23 13 ]; 	14: [ 2 22 14 ]; 	15: [ 2 22 5 3 15 ]; 	16: [ 2 22 5 16 ]; 	17: [ 2 22 14 17 ]; 	18: [ 2 23 18 ]; 	19: [ 2 22 19 ]; 	20: [ 2 22 24 20 ]; 	21: [ 2 22 14 1 21 ]; 	22: [ 2 22 ]; 	23: [ 2 23 ]; 	24: [ 2 22 24 ]; 	25: [ 2 22 24 25 ]; 
3 -> 	1: [ 3 1 ]; 	2: [ 3 18 2 ]; 	3: [ 3 ]; 	4: [ 3 9 4 ]; 	5: [ 3 15 5 ]; 	6: [ 3 18 6 ]; 	7: [ 3 12 7 ]; 	8: [ 3 17 14 8 ]; 	9: [ 3 9 ]; 	10: [ 3 1 19 10 ]; 	11: [ 3 9 21 11 ]; 	12: [ 3 12 ]; 	13: [ 3 9 21 13 ]; 	14: [ 3 17 14 ]; 	15: [ 3 15 ]; 	16: [ 3 15 16 ]; 	17: [ 3 17 ]; 	18: [ 3 18 ]; 	19: [ 3 1 19 ]; 	20: [ 3 9 4 20 ]; 	21: [ 3 9 21 ]; 	22: [ 3 12 22 ]; 	23: [ 3 9 4 23 ]; 	24: [ 3 15 16 24 ]; 	25: [ 3 15 25 ]; 
4 -> 	1: [ 4 1 ]; 	2: [ 4 20 18 2 ]; 	3: [ 4 20 3 ]; 	4: [ 4 ]; 	5: [ 4 11 5 ]; 	6: [ 4 20 18 6 ]; 	7: [ 4 20 25 7 ]; 	8: [ 4 20 18 17 14 8 ]; 	9: [ 4 20 3 9 ]; 	10: [ 4 20 10 ]; 	11: [ 4 11 ]; 	12: [ 4 20 3 12 ]; 	13: [ 4 23 13 ]; 	14: [ 4 20 18 17 14 ]; 	15: [ 4 20 15 ]; 	16: [ 4 20 15 16 ]; 	17: [ 4 20 18 17 ]; 	18: [ 4 20 18 ]; 	19: [ 4 1 19 ]; 	20: [ 4 20 ]; 	21: [ 4 1 21 ]; 	22: [ 4 20 18 22 ]; 	23: [ 4 23 ]; 	24: [ 4 11 24 ]; 	25: [ 4 20 25 ]; 
5 -> 	1: [ 5 3 1 ]; 	2: [ 5 3 18 2 ]; 	3: [ 5 3 ]; 	4: [ 5 3 9 4 ]; 	5: [ 5 ]; 	6: [ 5 3 18 6 ]; 	7: [ 5 3 12 7 ]; 	8: [ 5 3 17 14 8 ]; 	9: [ 5 3 9 ]; 	10: [ 5 3 1 19 10 ]; 	11: [ 5 3 9 21 11 ]; 	12: [ 5 3 12 ]; 	13: [ 5 16 13 ]; 	14: [ 5 3 17 14 ]; 	15: [ 5 3 15 ]; 	16: [ 5 16 ]; 	17: [ 5 3 17 ]; 	18: [ 5 3 18 ]; 	19: [ 5 3 1 19 ]; 	20: [ 5 3 9 4 20 ]; 	21: [ 5 3 9 21 ]; 	22: [ 5 3 12 22 ]; 	23: [ 5 3 9 4 23 ]; 	24: [ 5 16 24 ]; 	25: [ 5 3 15 25 ]; 
6 -> 	1: [ 6 8 14 1 ]; 	2: [ 6 8 14 2 ]; 	3: [ 6 8 14 17 3 ]; 	4: [ 6 4 ]; 	5: [ 6 8 12 5 ]; 	6: [ 6 ]; 	7: [ 6 25 7 ]; 	8: [ 6 8 ]; 	9: [ 6 8 14 17 3 9 ]; 	10: [ 6 8 14 1 19 10 ]; 	11: [ 6 4 11 ]; 	12: [ 6 8 12 ]; 	13: [ 6 8 14 1 21 13 ]; 	14: [ 6 8 14 ]; 	15: [ 6 8 14 1 19 15 ]; 	16: [ 6 8 14 1 19 16 ]; 	17: [ 6 8 14 17 ]; 	18: [ 6 18 ]; 	19: [ 6 8 14 1 19 ]; 	20: [ 6 4 20 ]; 	21: [ 6 8 14 1 21 ]; 	22: [ 6 18 22 ]; 	23: [ 6 4 23 ]; 	24: [ 6 8 14 24 ]; 	25: [ 6 25 ]; 
7 -> 	1: [ 7 14 1 ]; 	2: [ 7 14 2 ]; 	3: [ 7 14 17 3 ]; 	4: [ 7 14 17 4 ]; 	5: [ 7 14 1 5 ]; 	6: [ 7 14 17 6 ]; 	7: [ 7 ]; 	8: [ 7 14 8 ]; 	9: [ 7 14 17 3 9 ]; 	10: [ 7 14 1 19 10 ]; 	11: [ 7 14 1 21 11 ]; 	12: [ 7 14 8 12 ]; 	13: [ 7 14 1 21 13 ]; 	14: [ 7 14 ]; 	15: [ 7 14 1 19 15 ]; 	16: [ 7 14 1 19 16 ]; 	17: [ 7 14 17 ]; 	18: [ 7 14 17 4 20 18 ]; 	19: [ 7 14 1 19 ]; 	20: [ 7 14 17 4 20 ]; 	21: [ 7 14 1 21 ]; 	22: [ 7 14 2 22 ]; 	23: [ 7 14 17 4 23 ]; 	24: [ 7 14 24 ]; 	25: [ 7 14 25 ]; 
8 -> 	1: [ 8 14 1 ]; 	2: [ 8 14 2 ]; 	3: [ 8 14 17 3 ]; 	4: [ 8 14 17 4 ]; 	5: [ 8 12 5 ]; 	6: [ 8 14 17 6 ]; 	7: [ 8 12 7 ]; 	8: [ 8 ]; 	9: [ 8 14 17 3 9 ]; 	10: [ 8 14 1 19 10 ]; 	11: [ 8 14 1 21 11 ]; 	12: [ 8 12 ]; 	13: [ 8 14 1 21 13 ]; 	14: [ 8 14 ]; 	15: [ 8 14 1 19 15 ]; 	16: [ 8 14 1 19 16 ]; 	17: [ 8 14 17 ]; 	18: [ 8 18 ]; 	19: [ 8 14 1 19 ]; 	20: [ 8 14 17 4 20 ]; 	21: [ 8 14 1 21 ]; 	22: [ 8 12 22 ]; 	23: [ 8 23 ]; 	24: [ 8 14 24 ]; 	25: [ 8 14 25 ]; 
9 -> 	1: [ 9 14 1 ]; 	2: [ 9 14 2 ]; 	3: [ 9 14 17 3 ]; 	4: [ 9 4 ]; 	5: [ 9 14 1 5 ]; 	6: [ 9 14 17 6 ]; 	7: [ 9 19 7 ]; 	8: [ 9 14 8 ]; 	9: [ 9 ]; 	10: [ 9 19 10 ]; 	11: [ 9 21 11 ]; 	12: [ 9 12 ]; 	13: [ 9 21 13 ]; 	14: [ 9 14 ]; 	15: [ 9 19 15 ]; 	16: [ 9 19 16 ]; 	17: [ 9 14 17 ]; 	18: [ 9 4 20 18 ]; 	19: [ 9 19 ]; 	20: [ 9 4 20 ]; 	21: [ 9 21 ]; 	22: [ 9 14 2 22 ]; 	23: [ 9 4 23 ]; 	24: [ 9 14 24 ]; 	25: [ 9 21 25 ]; 
10 -> 	1: [ 10 1 ]; 	2: [ 10 25 14 2 ]; 	3: [ 10 20 3 ]; 	4: [ 10 25 14 17 4 ]; 	5: [ 10 11 5 ]; 	6: [ 10 6 ]; 	7: [ 10 25 7 ]; 	8: [ 10 6 8 ]; 	9: [ 10 20 3 9 ]; 	10: [ 10 ]; 	11: [ 10 11 ]; 	12: [ 10 25 12 ]; 	13: [ 10 1 21 13 ]; 	14: [ 10 25 14 ]; 	15: [ 10 20 15 ]; 	16: [ 10 20 15 16 ]; 	17: [ 10 25 14 17 ]; 	18: [ 10 20 18 ]; 	19: [ 10 1 19 ]; 	20: [ 10 20 ]; 	21: [ 10 1 21 ]; 	22: [ 10 20 18 22 ]; 	23: [ 10 20 18 23 ]; 	24: [ 10 11 24 ]; 	25: [ 10 25 ]; 
11 -> 	1: [ 11 14 1 ]; 	2: [ 11 14 2 ]; 	3: [ 11 5 3 ]; 	4: [ 11 4 ]; 	5: [ 11 5 ]; 	6: [ 11 10 6 ]; 	7: [ 11 24 25 7 ]; 	8: [ 11 14 8 ]; 	9: [ 11 5 3 9 ]; 	10: [ 11 10 ]; 	11: [ 11 ]; 	12: [ 11 5 3 12 ]; 	13: [ 11 14 1 21 13 ]; 	14: [ 11 14 ]; 	15: [ 11 5 3 15 ]; 	16: [ 11 5 16 ]; 	17: [ 11 14 17 ]; 	18: [ 11 4 20 18 ]; 	19: [ 11 14 1 19 ]; 	20: [ 11 4 20 ]; 	21: [ 11 14 1 21 ]; 	22: [ 11 22 ]; 	23: [ 11 4 23 ]; 	24: [ 11 24 ]; 	25: [ 11 24 25 ]; 
12 -> 	1: [ 12 1 ]; 	2: [ 12 14 2 ]; 	3: [ 12 3 ]; 	4: [ 12 14 17 4 ]; 	5: [ 12 5 ]; 	6: [ 12 14 17 6 ]; 	7: [ 12 7 ]; 	8: [ 12 14 8 ]; 	9: [ 12 3 9 ]; 	10: [ 12 1 19 10 ]; 	11: [ 12 1 21 11 ]; 	12: [ 12 ]; 	13: [ 12 1 21 13 ]; 	14: [ 12 14 ]; 	15: [ 12 3 15 ]; 	16: [ 12 5 16 ]; 	17: [ 12 14 17 ]; 	18: [ 12 3 18 ]; 	19: [ 12 1 19 ]; 	20: [ 12 14 17 4 20 ]; 	21: [ 12 1 21 ]; 	22: [ 12 22 ]; 	23: [ 12 14 17 4 23 ]; 	24: [ 12 22 24 ]; 	25: [ 12 22 24 25 ]; 
13 -> 	1: [ 13 25 14 1 ]; 	2: [ 13 25 14 2 ]; 	3: [ 13 5 3 ]; 	4: [ 13 25 14 17 4 ]; 	5: [ 13 5 ]; 	6: [ 13 6 ]; 	7: [ 13 25 7 ]; 	8: [ 13 6 8 ]; 	9: [ 13 5 3 9 ]; 	10: [ 13 25 14 1 19 10 ]; 	11: [ 13 25 11 ]; 	12: [ 13 5 3 12 ]; 	13: [ 13 ]; 	14: [ 13 25 14 ]; 	15: [ 13 5 3 15 ]; 	16: [ 13 5 16 ]; 	17: [ 13 25 14 17 ]; 	18: [ 13 5 3 18 ]; 	19: [ 13 25 14 1 19 ]; 	20: [ 13 25 20 ]; 	21: [ 13 25 14 1 21 ]; 	22: [ 13 25 14 2 22 ]; 	23: [ 13 25 14 17 4 23 ]; 	24: [ 13 25 14 24 ]; 	25: [ 13 25 ]; 
14 -> 	1: [ 14 1 ]; 	2: [ 14 2 ]; 	3: [ 14 17 3 ]; 	4: [ 14 17 4 ]; 	5: [ 14 1 5 ]; 	6: [ 14 17 6 ]; 	7: [ 14 1 19 7 ]; 	8: [ 14 8 ]; 	9: [ 14 17 3 9 ]; 	10: [ 14 1 19 10 ]; 	11: [ 14 1 21 11 ]; 	12: [ 14 8 12 ]; 	13: [ 14 1 21 13 ]; 	14: [ 14 ]; 	15: [ 14 1 19 15 ]; 	16: [ 14 1 19 16 ]; 	17: [ 14 17 ]; 	18: [ 14 17 4 20 18 ]; 	19: [ 14 1 19 ]; 	20: [ 14 17 4 20 ]; 	21: [ 14 1 21 ]; 	22: [ 14 2 22 ]; 	23: [ 14 17 4 23 ]; 	24: [ 14 24 ]; 	25: [ 14 25 ]; 
15 -> 	1: [ 15 25 14 1 ]; 	2: [ 15 25 14 2 ]; 	3: [ 15 5 3 ]; 	4: [ 15 25 14 17 4 ]; 	5: [ 15 5 ]; 	6: [ 15 25 14 17 6 ]; 	7: [ 15 25 7 ]; 	8: [ 15 25 14 8 ]; 	9: [ 15 9 ]; 	10: [ 15 25 14 1 19 10 ]; 	11: [ 15 25 11 ]; 	12: [ 15 5 3 12 ]; 	13: [ 15 16 13 ]; 	14: [ 15 25 14 ]; 	15: [ 15 ]; 	16: [ 15 16 ]; 	17: [ 15 25 14 17 ]; 	18: [ 15 5 3 18 ]; 	19: [ 15 25 14 1 19 ]; 	20: [ 15 25 20 ]; 	21: [ 15 25 14 1 21 ]; 	22: [ 15 22 ]; 	23: [ 15 25 14 17 4 23 ]; 	24: [ 15 16 24 ]; 	25: [ 15 25 ]; 
16 -> 	1: [ 16 24 25 14 1 ]; 	2: [ 16 24 25 14 2 ]; 	3: [ 16 3 ]; 	4: [ 16 24 25 14 17 4 ]; 	5: [ 16 24 25 14 1 5 ]; 	6: [ 16 24 25 14 17 6 ]; 	7: [ 16 24 25 7 ]; 	8: [ 16 24 25 14 8 ]; 	9: [ 16 3 9 ]; 	10: [ 16 24 25 14 1 19 10 ]; 	11: [ 16 24 11 ]; 	12: [ 16 12 ]; 	13: [ 16 13 ]; 	14: [ 16 24 25 14 ]; 	15: [ 16 3 15 ]; 	16: [ 16 ]; 	17: [ 16 24 25 14 17 ]; 	18: [ 16 24 20 18 ]; 	19: [ 16 24 25 14 1 19 ]; 	20: [ 16 24 20 ]; 	21: [ 16 24 25 14 1 21 ]; 	22: [ 16 24 25 14 2 22 ]; 	23: [ 16 24 25 14 17 4 23 ]; 	24: [ 16 24 ]; 	25: [ 16 24 25 ]; 
17 -> 	1: [ 17 14 1 ]; 	2: [ 17 14 2 ]; 	3: [ 17 3 ]; 	4: [ 17 4 ]; 	5: [ 17 14 1 5 ]; 	6: [ 17 6 ]; 	7: [ 17 7 ]; 	8: [ 17 14 8 ]; 	9: [ 17 3 9 ]; 	10: [ 17 14 1 19 10 ]; 	11: [ 17 21 11 ]; 	12: [ 17 3 12 ]; 	13: [ 17 21 13 ]; 	14: [ 17 14 ]; 	15: [ 17 3 15 ]; 	16: [ 17 14 1 19 16 ]; 	17: [ 17 ]; 	18: [ 17 4 20 18 ]; 	19: [ 17 14 1 19 ]; 	20: [ 17 4 20 ]; 	21: [ 17 21 ]; 	22: [ 17 14 2 22 ]; 	23: [ 17 4 23 ]; 	24: [ 17 14 24 ]; 	25: [ 17 14 25 ]; 
18 -> 	1: [ 18 17 14 1 ]; 	2: [ 18 2 ]; 	3: [ 18 17 3 ]; 	4: [ 18 17 4 ]; 	5: [ 18 22 5 ]; 	6: [ 18 6 ]; 	7: [ 18 17 7 ]; 	8: [ 18 17 14 8 ]; 	9: [ 18 17 3 9 ]; 	10: [ 18 17 14 1 19 10 ]; 	11: [ 18 17 21 11 ]; 	12: [ 18 17 3 12 ]; 	13: [ 18 17 21 13 ]; 	14: [ 18 17 14 ]; 	15: [ 18 17 3 15 ]; 	16: [ 18 17 14 1 19 16 ]; 	17: [ 18 17 ]; 	18: [ 18 ]; 	19: [ 18 17 14 1 19 ]; 	20: [ 18 17 4 20 ]; 	21: [ 18 17 21 ]; 	22: [ 18 22 ]; 	23: [ 18 23 ]; 	24: [ 18 22 24 ]; 	25: [ 18 22 24 25 ]; 
19 -> 	1: [ 19 7 14 1 ]; 	2: [ 19 7 14 2 ]; 	3: [ 19 3 ]; 	4: [ 19 4 ]; 	5: [ 19 15 5 ]; 	6: [ 19 6 ]; 	7: [ 19 7 ]; 	8: [ 19 7 14 8 ]; 	9: [ 19 3 9 ]; 	10: [ 19 10 ]; 	11: [ 19 21 11 ]; 	12: [ 19 3 12 ]; 	13: [ 19 21 13 ]; 	14: [ 19 7 14 ]; 	15: [ 19 15 ]; 	16: [ 19 16 ]; 	17: [ 19 17 ]; 	18: [ 19 3 18 ]; 	19: [ 19 ]; 	20: [ 19 4 20 ]; 	21: [ 19 21 ]; 	22: [ 19 15 22 ]; 	23: [ 19 4 23 ]; 	24: [ 19 16 24 ]; 	25: [ 19 16 24 25 ]; 
20 -> 	1: [ 20 18 17 14 1 ]; 	2: [ 20 18 2 ]; 	3: [ 20 3 ]; 	4: [ 20 18 17 4 ]; 	5: [ 20 15 5 ]; 	6: [ 20 18 6 ]; 	7: [ 20 25 7 ]; 	8: [ 20 18 17 14 8 ]; 	9: [ 20 3 9 ]; 	10: [ 20 10 ]; 	11: [ 20 18 17 21 11 ]; 	12: [ 20 3 12 ]; 	13: [ 20 18 17 21 13 ]; 	14: [ 20 18 17 14 ]; 	15: [ 20 15 ]; 	16: [ 20 15 16 ]; 	17: [ 20 18 17 ]; 	18: [ 20 18 ]; 	19: [ 20 18 17 14 1 19 ]; 	20: [ 20 ]; 	21: [ 20 18 17 21 ]; 	22: [ 20 18 22 ]; 	23: [ 20 18 23 ]; 	24: [ 20 18 22 24 ]; 	25: [ 20 25 ]; 
21 -> 	1: [ 21 25 14 1 ]; 	2: [ 21 25 14 2 ]; 	3: [ 21 3 ]; 	4: [ 21 11 4 ]; 	5: [ 21 11 5 ]; 	6: [ 21 13 6 ]; 	7: [ 21 25 7 ]; 	8: [ 21 25 14 8 ]; 	9: [ 21 3 9 ]; 	10: [ 21 11 10 ]; 	11: [ 21 11 ]; 	12: [ 21 3 12 ]; 	13: [ 21 13 ]; 	14: [ 21 25 14 ]; 	15: [ 21 3 15 ]; 	16: [ 21 11 5 16 ]; 	17: [ 21 25 14 17 ]; 	18: [ 21 25 20 18 ]; 	19: [ 21 25 14 1 19 ]; 	20: [ 21 25 20 ]; 	21: [ 21 ]; 	22: [ 21 22 ]; 	23: [ 21 11 4 23 ]; 	24: [ 21 11 24 ]; 	25: [ 21 25 ]; 
22 -> 	1: [ 22 14 1 ]; 	2: [ 22 14 2 ]; 	3: [ 22 5 3 ]; 	4: [ 22 14 17 4 ]; 	5: [ 22 5 ]; 	6: [ 22 14 17 6 ]; 	7: [ 22 24 25 7 ]; 	8: [ 22 14 8 ]; 	9: [ 22 5 3 9 ]; 	10: [ 22 19 10 ]; 	11: [ 22 14 1 21 11 ]; 	12: [ 22 5 3 12 ]; 	13: [ 22 14 1 21 13 ]; 	14: [ 22 14 ]; 	15: [ 22 5 3 15 ]; 	16: [ 22 5 16 ]; 	17: [ 22 14 17 ]; 	18: [ 22 5 3 18 ]; 	19: [ 22 19 ]; 	20: [ 22 24 20 ]; 	21: [ 22 14 1 21 ]; 	22: [ 22 ]; 	23: [ 22 14 17 4 23 ]; 	24: [ 22 24 ]; 	25: [ 22 24 25 ]; 
23 -> 	1: [ 23 18 17 14 1 ]; 	2: [ 23 2 ]; 	3: [ 23 18 17 3 ]; 	4: [ 23 18 17 4 ]; 	5: [ 23 18 22 5 ]; 	6: [ 23 18 6 ]; 	7: [ 23 18 17 7 ]; 	8: [ 23 18 17 14 8 ]; 	9: [ 23 18 17 3 9 ]; 	10: [ 23 18 17 14 1 19 10 ]; 	11: [ 23 18 17 21 11 ]; 	12: [ 23 18 17 3 12 ]; 	13: [ 23 13 ]; 	14: [ 23 18 17 14 ]; 	15: [ 23 15 ]; 	16: [ 23 18 17 14 1 19 16 ]; 	17: [ 23 18 17 ]; 	18: [ 23 18 ]; 	19: [ 23 18 17 14 1 19 ]; 	20: [ 23 18 17 4 20 ]; 	21: [ 23 18 17 21 ]; 	22: [ 23 18 22 ]; 	23: [ 23 ]; 	24: [ 23 18 22 24 ]; 	25: [ 23 18 22 24 25 ]; 
24 -> 	1: [ 24 25 14 1 ]; 	2: [ 24 25 14 2 ]; 	3: [ 24 25 14 17 3 ]; 	4: [ 24 25 14 17 4 ]; 	5: [ 24 25 14 1 5 ]; 	6: [ 24 25 14 17 6 ]; 	7: [ 24 25 7 ]; 	8: [ 24 25 14 8 ]; 	9: [ 24 25 14 17 3 9 ]; 	10: [ 24 25 14 1 19 10 ]; 	11: [ 24 11 ]; 	12: [ 24 25 12 ]; 	13: [ 24 25 14 1 21 13 ]; 	14: [ 24 25 14 ]; 	15: [ 24 20 15 ]; 	16: [ 24 25 14 1 19 16 ]; 	17: [ 24 25 14 17 ]; 	18: [ 24 20 18 ]; 	19: [ 24 25 14 1 19 ]; 	20: [ 24 20 ]; 	21: [ 24 25 14 1 21 ]; 	22: [ 24 25 14 2 22 ]; 	23: [ 24 25 14 17 4 23 ]; 	24: [ 24 ]; 	25: [ 24 25 ]; 
25 -> 	1: [ 25 14 1 ]; 	2: [ 25 14 2 ]; 	3: [ 25 14 17 3 ]; 	4: [ 25 14 17 4 ]; 	5: [ 25 14 1 5 ]; 	6: [ 25 14 17 6 ]; 	7: [ 25 7 ]; 	8: [ 25 14 8 ]; 	9: [ 25 14 17 3 9 ]; 	10: [ 25 14 1 19 10 ]; 	11: [ 25 11 ]; 	12: [ 25 12 ]; 	13: [ 25 14 1 21 13 ]; 	14: [ 25 14 ]; 	15: [ 25 20 15 ]; 	16: [ 25 14 1 19 16 ]; 	17: [ 25 14 17 ]; 	18: [ 25 20 18 ]; 	19: [ 25 14 1 19 ]; 	20: [ 25 20 ]; 	21: [ 25 14 1 21 ]; 	22: [ 25 14 2 22 ]; 	23: [ 25 14 17 4 23 ]; 	24: [ 25 14 24 ]; 	25: [ 25 ]; 
Computation took 0.909827 milliseconds

LoadMatrix:
	1	2	3	4	5	6	7	8	9	10	11	12	13	14	15	16	17	18	19	20	21	22	23	24	25
1	0	INF	INF	INF	377	INF	INF	INF	INF	INF	INF	INF	INF	95	INF	INF	INF	INF	2277	INF	1308	INF	INF	INF	INF	
2	INF	0	INF	INF	0	INF	INF	INF	INF	INF	INF	INF	INF	INF	INF	INF	INF	INF	INF	INF	INF	1327	0	INF	INF	
3	97	INF	0	INF	0	INF	INF	INF	1319	INF	INF	283	INF	INF	476	INF	376	753	INF	INF	INF	INF	INF	INF	INF	
4	182	INF	INF	0	INF	INF	INF	INF	INF	INF	287	INF	INF	INF	INF	INF	INF	INF	INF	1233	INF	INF	667	INF	INF	
5	INF	INF	1139	INF	0	INF	INF	INF	INF	INF	INF	0	INF	INF	INF	369	INF	INF	INF	INF	INF	INF	INF	INF	INF	
6	INF	INF	INF	0	INF	0	INF	754	INF	INF	INF	INF	INF	INF	INF	INF	INF	0	INF	INF	INF	INF	INF	INF	97	
7	INF	INF	INF	INF	INF	INF	0	INF	INF	INF	INF	INF	INF	933	INF	INF	INF	INF	INF	INF	INF	INF	INF	INF	INF	
8	INF	INF	0	INF	INF	INF	INF	0	INF	INF	INF	282	INF	945	INF	INF	INF	0	INF	INF	INF	INF	0	INF	INF	
9	0	INF	INF	375	INF	INF	INF	INF	0	INF	INF	95	INF	374	INF	INF	INF	INF	194	INF	384	INF	INF	INF	INF	
10	0	INF	INF	INF	INF	93	INF	INF	INF	0	285	INF	INF	INF	INF	INF	INF	INF	INF	283	INF	INF	INF	INF	278	
11	INF	INF	INF	280	563	INF	INF	INF	INF	0	0	INF	INF	190	INF	INF	INF	INF	INF	INF	INF	0	INF	384	0	
12	282	INF	189	INF	90	INF	96	INF	INF	INF	INF	0	INF	194	INF	INF	INF	INF	INF	INF	INF	283	INF	INF	INF	
13	INF	INF	INF	INF	4	99	INF	INF	INF	INF	INF	INF	0	INF	INF	INF	INF	INF	INF	INF	INF	INF	INF	INF	576	
14	3319	1044	INF	INF	INF	INF	INF	958	INF	INF	0	0	INF	0	INF	INF	2460	INF	INF	INF	INF	INF	INF	388	94	
15	INF	INF	INF	INF	0	INF	INF	INF	0	INF	INF	INF	INF	INF	0	383	INF	INF	INF	INF	INF	2	INF	INF	854	
16	0	INF	92	INF	INF	INF	INF	INF	INF	INF	INF	0	185	INF	INF	0	INF	INF	INF	INF	INF	INF	INF	1042	INF	
17	INF	INF	745	1409	INF	201	97	INF	INF	INF	INF	INF	INF	1613	INF	INF	0	INF	INF	INF	464	INF	INF	INF	INF	
18	INF	195	INF	INF	INF	196	INF	INF	INF	INF	INF	INF	INF	INF	INF	INF	1896	0	INF	INF	INF	471	96	INF	INF	
19	INF	INF	467	376	INF	93	282	INF	INF	762	INF	INF	INF	INF	299	385	0	INF	0	INF	0	INF	INF	INF	INF	
20	INF	INF	278	INF	INF	INF	INF	INF	INF	0	INF	INF	INF	INF	290	INF	INF	1322	0	0	INF	INF	INF	INF	94	
21	INF	INF	284	INF	INF	INF	INF	INF	INF	INF	748	INF	674	INF	INF	INF	INF	INF	INF	INF	0	99	INF	INF	286	
22	0	INF	INF	INF	570	INF	INF	INF	INF	INF	INF	INF	INF	387	INF	INF	INF	INF	0	INF	INF	0	INF	1042	INF	
23	INF	0	INF	0	INF	INF	INF	INF	INF	INF	INF	INF	0	0	96	INF	INF	762	INF	INF	INF	INF	0	INF	INF	
24	INF	0	INF	INF	INF	INF	INF	INF	INF	INF	92	INF	INF	INF	INF	INF	INF	INF	INF	472	INF	INF	INF	0	1808	
25	0	INF	INF	INF	INF	INF	373	INF	INF	INF	197	92	INF	3036	INF	INF	INF	INF	INF	282	INF	INF	INF	INF	0	
Computation took 0.16237 milliseconds

All-Pairs Sneaky-Path Matrix:
	1	2	3	4	5	6	7	8	9	10	11	12	13	14	15	16	17	18	19	20	21	22	23	24	25
1	0	284	284	188	185	188	191	942	380	95	95	95	284	95	380	480	95	188	95	377	95	95	284	479	95	
2	0	0	189	0	0	93	96	847	96	0	0	0	0	0	96	369	0	93	0	282	0	0	0	384	0	
3	97	381	0	285	0	285	96	1039	476	192	192	0	381	192	476	369	192	285	192	474	192	192	381	576	192	
4	182	466	466	0	367	370	373	1124	562	277	277	277	466	277	562	662	277	370	277	559	277	277	466	661	277	
5	194	383	189	287	0	287	96	1041	479	194	194	0	383	194	479	369	194	287	194	476	194	194	383	578	194	
6	96	96	285	0	96	0	192	754	192	96	96	96	96	96	192	465	96	0	96	378	96	96	96	480	96	
7	933	1122	1122	1026	1023	1026	0	1780	1218	933	933	933	1122	933	1218	1318	933	1026	933	1215	933	933	1122	1317	933	
8	0	0	0	0	0	93	96	0	96	0	0	0	0	0	96	369	0	0	0	282	0	0	0	384	0	
9	0	284	284	188	185	188	191	942	0	95	95	95	284	95	380	480	95	188	95	377	95	95	284	479	95	
10	0	189	284	93	185	93	191	847	285	0	95	95	189	95	285	480	95	93	95	283	95	95	189	479	95	
11	0	189	281	93	182	93	97	847	285	0	0	92	189	95	285	385	0	93	0	282	0	0	189	384	0	
12	194	383	189	287	90	287	96	1041	479	194	194	0	383	194	479	459	194	287	194	476	194	194	383	578	194	
13	195	195	193	99	4	99	100	853	291	195	195	4	0	195	291	373	195	99	195	477	195	195	195	579	195	
14	0	189	189	93	90	93	96	847	285	0	0	0	189	0	285	385	0	93	0	282	0	0	189	384	0	
15	0	191	189	95	0	95	96	849	0	95	95	0	191	95	0	369	2	95	2	377	2	2	191	479	95	
16	0	284	92	188	90	188	96	942	380	95	95	0	185	95	380	0	95	188	95	377	95	95	284	479	95	
17	297	297	486	201	297	201	97	955	393	297	297	297	297	297	393	666	0	201	297	579	297	297	297	681	297	
18	96	96	285	96	96	189	192	943	192	96	96	96	96	96	192	465	96	0	96	378	96	96	96	480	96	
19	99	189	284	93	189	93	97	847	285	189	189	189	189	189	285	385	0	93	0	471	0	99	189	573	189	
20	0	189	278	93	185	93	97	847	285	0	95	95	189	95	285	385	0	93	0	0	0	95	189	479	94	
21	99	288	284	192	284	192	196	946	384	194	194	194	288	194	384	484	99	192	99	476	0	99	288	578	194	
22	0	189	284	93	185	93	97	847	285	95	95	95	189	95	285	385	0	93	0	377	0	0	189	479	95	
23	0	0	189	0	0	93	96	847	96	0	0	0	0	0	96	369	0	93	0	282	0	0	0	384	0	
24	0	0	189	0	0	93	96	847	96	0	0	0	0	0	96	369	0	93	0	282	0	0	0	0	0	
25	0	284	281	188	182	188	188	942	380	95	95	92	284	95	380	480	95	188	95	282	95	95	284	479	0	
Computation took 0.622222 milliseconds

Actual Shortest Sneaky-Paths:
1 -> 	1: [ 1 ]; 	2: [ 1 14 11 10 6 18 23 2 ]; 	3: [ 1 14 12 3 ]; 	4: [ 1 14 11 10 6 4 ]; 	5: [ 1 14 12 5 ]; 	6: [ 1 14 11 10 6 ]; 	7: [ 1 14 12 7 ]; 	8: [ 1 14 11 10 6 8 ]; 	9: [ 1 14 11 10 6 18 23 15 9 ]; 	10: [ 1 14 11 10 ]; 	11: [ 1 14 11 ]; 	12: [ 1 14 12 ]; 	13: [ 1 14 11 10 6 18 23 13 ]; 	14: [ 1 14 ]; 	15: [ 1 14 11 10 6 18 23 15 ]; 	16: [ 1 14 11 22 19 16 ]; 	17: [ 1 14 11 22 19 17 ]; 	18: [ 1 14 11 10 6 18 ]; 	19: [ 1 14 11 22 19 ]; 	20: [ 1 14 11 25 20 ]; 	21: [ 1 14 11 22 19 21 ]; 	22: [ 1 14 11 22 ]; 	23: [ 1 14 11 10 6 18 23 ]; 	24: [ 1 14 11 24 ]; 	25: [ 1 14 11 25 ]; 
2 -> 	1: [ 2 23 14 11 10 1 ]; 	2: [ 2 ]; 	3: [ 2 5 12 3 ]; 	4: [ 2 23 4 ]; 	5: [ 2 5 ]; 	6: [ 2 23 14 11 10 6 ]; 	7: [ 2 5 12 7 ]; 	8: [ 2 23 14 11 10 6 8 ]; 	9: [ 2 23 15 9 ]; 	10: [ 2 23 14 11 10 ]; 	11: [ 2 23 14 11 ]; 	12: [ 2 5 12 ]; 	13: [ 2 23 13 ]; 	14: [ 2 23 14 ]; 	15: [ 2 23 15 ]; 	16: [ 2 5 16 ]; 	17: [ 2 23 14 11 22 19 17 ]; 	18: [ 2 23 14 11 10 6 18 ]; 	19: [ 2 23 14 11 22 19 ]; 	20: [ 2 23 14 11 25 20 ]; 	21: [ 2 23 14 11 22 19 21 ]; 	22: [ 2 23 14 11 22 ]; 	23: [ 2 23 ]; 	24: [ 2 23 14 11 24 ]; 	25: [ 2 23 14 11 25 ]; 
3 -> 	1: [ 3 1 ]; 	2: [ 3 1 14 11 10 6 18 23 2 ]; 	3: [ 3 ]; 	4: [ 3 1 14 11 10 6 4 ]; 	5: [ 3 5 ]; 	6: [ 3 1 14 11 10 6 ]; 	7: [ 3 5 12 7 ]; 	8: [ 3 1 14 11 10 6 8 ]; 	9: [ 3 15 9 ]; 	10: [ 3 1 14 11 10 ]; 	11: [ 3 1 14 11 ]; 	12: [ 3 5 12 ]; 	13: [ 3 1 14 11 10 6 18 23 13 ]; 	14: [ 3 1 14 ]; 	15: [ 3 15 ]; 	16: [ 3 5 16 ]; 	17: [ 3 1 14 11 22 19 17 ]; 	18: [ 3 1 14 11 10 6 18 ]; 	19: [ 3 1 14 11 22 19 ]; 	20: [ 3 1 14 11 25 20 ]; 	21: [ 3 1 14 11 22 19 21 ]; 	22: [ 3 1 14 11 22 ]; 	23: [ 3 1 14 11 10 6 18 23 ]; 	24: [ 3 1 14 11 24 ]; 	25: [ 3 1 14 11 25 ]; 
4 -> 	1: [ 4 1 ]; 	2: [ 4 1 14 11 10 6 18 23 2 ]; 	3: [ 4 1 14 12 3 ]; 	4: [ 4 ]; 	5: [ 4 1 14 12 5 ]; 	6: [ 4 1 14 11 10 6 ]; 	7: [ 4 1 14 12 7 ]; 	8: [ 4 1 14 11 10 6 8 ]; 	9: [ 4 1 14 11 10 6 18 23 15 9 ]; 	10: [ 4 1 14 11 10 ]; 	11: [ 4 1 14 11 ]; 	12: [ 4 1 14 12 ]; 	13: [ 4 1 14 11 10 6 18 23 13 ]; 	14: [ 4 1 14 ]; 	15: [ 4 1 14 11 10 6 18 23 15 ]; 	16: [ 4 1 14 11 22 19 16 ]; 	17: [ 4 1 14 11 22 19 17 ]; 	18: [ 4 1 14 11 10 6 18 ]; 	19: [ 4 1 14 11 22 19 ]; 	20: [ 4 1 14 11 25 20 ]; 	21: [ 4 1 14 11 22 19 21 ]; 	22: [ 4 1 14 11 22 ]; 	23: [ 4 1 14 11 10 6 18 23 ]; 	24: [ 4 1 14 11 24 ]; 	25: [ 4 1 14 11 25 ]; 
5 -> 	1: [ 5 12 14 11 10 1 ]; 	2: [ 5 12 14 11 10 6 18 23 2 ]; 	3: [ 5 12 3 ]; 	4: [ 5 12 14 11 10 6 4 ]; 	5: [ 5 ]; 	6: [ 5 12 14 11 10 6 ]; 	7: [ 5 12 7 ]; 	8: [ 5 12 14 11 10 6 8 ]; 	9: [ 5 12 14 11 10 6 18 23 15 9 ]; 	10: [ 5 12 14 11 10 ]; 	11: [ 5 12 14 11 ]; 	12: [ 5 12 ]; 	13: [ 5 12 14 11 10 6 18 23 13 ]; 	14: [ 5 12 14 ]; 	15: [ 5 12 14 11 10 6 18 23 15 ]; 	16: [ 5 16 ]; 	17: [ 5 12 14 11 22 19 17 ]; 	18: [ 5 12 14 11 10 6 18 ]; 	19: [ 5 12 14 11 22 19 ]; 	20: [ 5 12 14 11 25 20 ]; 	21: [ 5 12 14 11 22 19 21 ]; 	22: [ 5 12 14 11 22 ]; 	23: [ 5 12 14 11 10 6 18 23 ]; 	24: [ 5 12 14 11 24 ]; 	25: [ 5 12 14 11 25 ]; 
6 -> 	1: [ 6 18 23 14 11 10 1 ]; 	2: [ 6 18 23 2 ]; 	3: [ 6 18 23 2 5 12 3 ]; 	4: [ 6 4 ]; 	5: [ 6 18 23 2 5 ]; 	6: [ 6 ]; 	7: [ 6 18 23 2 5 12 7 ]; 	8: [ 6 8 ]; 	9: [ 6 18 23 15 9 ]; 	10: [ 6 18 23 14 11 10 ]; 	11: [ 6 18 23 14 11 ]; 	12: [ 6 18 23 2 5 12 ]; 	13: [ 6 18 23 13 ]; 	14: [ 6 18 23 14 ]; 	15: [ 6 18 23 15 ]; 	16: [ 6 18 23 2 5 16 ]; 	17: [ 6 18 23 14 11 22 19 17 ]; 	18: [ 6 18 ]; 	19: [ 6 18 23 14 11 22 19 ]; 	20: [ 6 18 23 14 11 25 20 ]; 	21: [ 6 18 23 14 11 22 19 21 ]; 	22: [ 6 18 23 14 11 22 ]; 	23: [ 6 18 23 ]; 	24: [ 6 18 23 14 11 24 ]; 	25: [ 6 18 23 14 11 25 ]; 
7 -> 	1: [ 7 14 11 10 1 ]; 	2: [ 7 14 11 10 6 18 23 2 ]; 	3: [ 7 14 12 3 ]; 	4: [ 7 14 11 10 6 4 ]; 	5: [ 7 14 12 5 ]; 	6: [ 7 14 11 10 6 ]; 	7: [ 7 ]; 	8: [ 7 14 11 10 6 8 ]; 	9: [ 7 14 11 10 6 18 23 15 9 ]; 	10: [ 7 14 11 10 ]; 	11: [ 7 14 11 ]; 	12: [ 7 14 12 ]; 	13: [ 7 14 11 10 6 18 23 13 ]; 	14: [ 7 14 ]; 	15: [ 7 14 11 10 6 18 23 15 ]; 	16: [ 7 14 11 22 19 16 ]; 	17: [ 7 14 11 22 19 17 ]; 	18: [ 7 14 11 10 6 18 ]; 	19: [ 7 14 11 22 19 ]; 	20: [ 7 14 11 25 20 ]; 	21: [ 7 14 11 22 19 21 ]; 	22: [ 7 14 11 22 ]; 	23: [ 7 14 11 10 6 18 23 ]; 	24: [ 7 14 11 24 ]; 	25: [ 7 14 11 25 ]; 
8 -> 	1: [ 8 23 14 11 10 1 ]; 	2: [ 8 23 2 ]; 	3: [ 8 3 ]; 	4: [ 8 23 4 ]; 	5: [ 8 3 5 ]; 	6: [ 8 23 14 11 10 6 ]; 	7: [ 8 3 5 12 7 ]; 	8: [ 8 ]; 	9: [ 8 23 15 9 ]; 	10: [ 8 23 14 11 10 ]; 	11: [ 8 23 14 11 ]; 	12: [ 8 3 5 12 ]; 	13: [ 8 23 13 ]; 	14: [ 8 23 14 ]; 	15: [ 8 23 15 ]; 	16: [ 8 3 5 16 ]; 	17: [ 8 23 14 11 22 19 17 ]; 	18: [ 8 18 ]; 	19: [ 8 23 14 11 22 19 ]; 	20: [ 8 23 14 11 25 20 ]; 	21: [ 8 23 14 11 22 19 21 ]; 	22: [ 8 23 14 11 22 ]; 	23: [ 8 23 ]; 	24: [ 8 23 14 11 24 ]; 	25: [ 8 23 14 11 25 ]; 
9 -> 	1: [ 9 1 ]; 	2: [ 9 1 14 11 10 6 18 23 2 ]; 	3: [ 9 12 3 ]; 	4: [ 9 1 14 11 10 6 4 ]; 	5: [ 9 12 5 ]; 	6: [ 9 1 14 11 10 6 ]; 	7: [ 9 12 7 ]; 	8: [ 9 1 14 11 10 6 8 ]; 	9: [ 9 ]; 	10: [ 9 1 14 11 10 ]; 	11: [ 9 1 14 11 ]; 	12: [ 9 12 ]; 	13: [ 9 1 14 11 10 6 18 23 13 ]; 	14: [ 9 1 14 ]; 	15: [ 9 1 14 11 10 6 18 23 15 ]; 	16: [ 9 1 14 11 22 19 16 ]; 	17: [ 9 1 14 11 22 19 17 ]; 	18: [ 9 1 14 11 10 6 18 ]; 	19: [ 9 1 14 11 22 19 ]; 	20: [ 9 1 14 11 25 20 ]; 	21: [ 9 1 14 11 22 19 21 ]; 	22: [ 9 1 14 11 22 ]; 	23: [ 9 1 14 11 10 6 18 23 ]; 	24: [ 9 1 14 11 24 ]; 	25: [ 9 1 14 11 25 ]; 
10 -> 	1: [ 10 1 ]; 	2: [ 10 6 18 23 2 ]; 	3: [ 10 1 14 12 3 ]; 	4: [ 10 6 4 ]; 	5: [ 10 1 14 12 5 ]; 	6: [ 10 6 ]; 	7: [ 10 1 14 12 7 ]; 	8: [ 10 6 8 ]; 	9: [ 10 6 18 23 15 9 ]; 	10: [ 10 ]; 	11: [ 10 1 14 11 ]; 	12: [ 10 1 14 12 ]; 	13: [ 10 6 18 23 13 ]; 	14: [ 10 1 14 ]; 	15: [ 10 6 18 23 15 ]; 	16: [ 10 1 14 11 22 19 16 ]; 	17: [ 10 1 14 11 22 19 17 ]; 	18: [ 10 6 18 ]; 	19: [ 10 1 14 11 22 19 ]; 	20: [ 10 20 ]; 	21: [ 10 1 14 11 22 19 21 ]; 	22: [ 10 1 14 11 22 ]; 	23: [ 10 6 18 23 ]; 	24: [ 10 1 14 11 24 ]; 	25: [ 10 1 14 11 25 ]; 
11 -> 	1: [ 11 10 1 ]; 	2: [ 11 10 6 18 23 2 ]; 	3: [ 11 25 12 3 ]; 	4: [ 11 10 6 4 ]; 	5: [ 11 25 12 5 ]; 	6: [ 11 10 6 ]; 	7: [ 11 22 19 17 7 ]; 	8: [ 11 10 6 8 ]; 	9: [ 11 10 6 18 23 15 9 ]; 	10: [ 11 10 ]; 	11: [ 11 ]; 	12: [ 11 25 12 ]; 	13: [ 11 10 6 18 23 13 ]; 	14: [ 11 10 1 14 ]; 	15: [ 11 10 6 18 23 15 ]; 	16: [ 11 22 19 16 ]; 	17: [ 11 22 19 17 ]; 	18: [ 11 10 6 18 ]; 	19: [ 11 22 19 ]; 	20: [ 11 25 20 ]; 	21: [ 11 22 19 21 ]; 	22: [ 11 22 ]; 	23: [ 11 10 6 18 23 ]; 	24: [ 11 24 ]; 	25: [ 11 25 ]; 
12 -> 	1: [ 12 14 11 10 1 ]; 	2: [ 12 14 11 10 6 18 23 2 ]; 	3: [ 12 3 ]; 	4: [ 12 14 11 10 6 4 ]; 	5: [ 12 5 ]; 	6: [ 12 14 11 10 6 ]; 	7: [ 12 7 ]; 	8: [ 12 14 11 10 6 8 ]; 	9: [ 12 14 11 10 6 18 23 15 9 ]; 	10: [ 12 14 11 10 ]; 	11: [ 12 14 11 ]; 	12: [ 12 ]; 	13: [ 12 14 11 10 6 18 23 13 ]; 	14: [ 12 14 ]; 	15: [ 12 14 11 10 6 18 23 15 ]; 	16: [ 12 5 16 ]; 	17: [ 12 14 11 22 19 17 ]; 	18: [ 12 14 11 10 6 18 ]; 	19: [ 12 14 11 22 19 ]; 	20: [ 12 14 11 25 20 ]; 	21: [ 12 14 11 22 19 21 ]; 	22: [ 12 14 11 22 ]; 	23: [ 12 14 11 10 6 18 23 ]; 	24: [ 12 14 11 24 ]; 	25: [ 12 14 11 25 ]; 
13 -> 	1: [ 13 6 18 23 14 11 10 1 ]; 	2: [ 13 6 18 23 2 ]; 	3: [ 13 5 12 3 ]; 	4: [ 13 6 4 ]; 	5: [ 13 5 ]; 	6: [ 13 6 ]; 	7: [ 13 5 12 7 ]; 	8: [ 13 6 8 ]; 	9: [ 13 6 18 23 15 9 ]; 	10: [ 13 6 18 23 14 11 10 ]; 	11: [ 13 6 18 23 14 11 ]; 	12: [ 13 5 12 ]; 	13: [ 13 ]; 	14: [ 13 6 18 23 14 ]; 	15: [ 13 6 18 23 15 ]; 	16: [ 13 5 16 ]; 	17: [ 13 6 18 23 14 11 22 19 17 ]; 	18: [ 13 6 18 ]; 	19: [ 13 6 18 23 14 11 22 19 ]; 	20: [ 13 6 18 23 14 11 25 20 ]; 	21: [ 13 6 18 23 14 11 22 19 21 ]; 	22: [ 13 6 18 23 14 11 22 ]; 	23: [ 13 6 18 23 ]; 	24: [ 13 6 18 23 14 11 24 ]; 	25: [ 13 6 18 23 14 11 25 ]; 
14 -> 	1: [ 14 11 10 1 ]; 	2: [ 14 11 10 6 18 23 2 ]; 	3: [ 14 12 3 ]; 	4: [ 14 11 10 6 4 ]; 	5: [ 14 12 5 ]; 	6: [ 14 11 10 6 ]; 	7: [ 14 12 7 ]; 	8: [ 14 11 10 6 8 ]; 	9: [ 14 11 10 6 18 23 15 9 ]; 	10: [ 14 11 10 ]; 	11: [ 14 11 ]; 	12: [ 14 12 ]; 	13: [ 14 11 10 6 18 23 13 ]; 	14: [ 14 ]; 	15: [ 14 11 10 6 18 23 15 ]; 	16: [ 14 11 22 19 16 ]; 	17: [ 14 11 22 19 17 ]; 	18: [ 14 11 10 6 18 ]; 	19: [ 14 11 22 19 ]; 	20: [ 14 11 25 20 ]; 	21: [ 14 11 22 19 21 ]; 	22: [ 14 11 22 ]; 	23: [ 14 11 10 6 18 23 ]; 	24: [ 14 11 24 ]; 	25: [ 14 11 25 ]; 
15 -> 	1: [ 15 9 1 ]; 	2: [ 15 22 19 6 18 23 2 ]; 	3: [ 15 5 12 3 ]; 	4: [ 15 22 19 6 4 ]; 	5: [ 15 5 ]; 	6: [ 15 22 19 6 ]; 	7: [ 15 5 12 7 ]; 	8: [ 15 22 19 6 8 ]; 	9: [ 15 9 ]; 	10: [ 15 9 1 14 11 10 ]; 	11: [ 15 9 1 14 11 ]; 	12: [ 15 5 12 ]; 	13: [ 15 22 19 6 18 23 13 ]; 	14: [ 15 9 1 14 ]; 	15: [ 15 ]; 	16: [ 15 5 16 ]; 	17: [ 15 22 19 17 ]; 	18: [ 15 22 19 6 18 ]; 	19: [ 15 22 19 ]; 	20: [ 15 9 1 14 11 25 20 ]; 	21: [ 15 22 19 21 ]; 	22: [ 15 22 ]; 	23: [ 15 22 19 6 18 23 ]; 	24: [ 15 9 1 14 11 24 ]; 	25: [ 15 9 1 14 11 25 ]; 
16 -> 	1: [ 16 1 ]; 	2: [ 16 1 14 11 10 6 18 23 2 ]; 	3: [ 16 3 ]; 	4: [ 16 1 14 11 10 6 4 ]; 	5: [ 16 12 5 ]; 	6: [ 16 1 14 11 10 6 ]; 	7: [ 16 12 7 ]; 	8: [ 16 1 14 11 10 6 8 ]; 	9: [ 16 1 14 11 10 6 18 23 15 9 ]; 	10: [ 16 1 14 11 10 ]; 	11: [ 16 1 14 11 ]; 	12: [ 16 12 ]; 	13: [ 16 13 ]; 	14: [ 16 1 14 ]; 	15: [ 16 1 14 11 10 6 18 23 15 ]; 	16: [ 16 ]; 	17: [ 16 1 14 11 22 19 17 ]; 	18: [ 16 1 14 11 10 6 18 ]; 	19: [ 16 1 14 11 22 19 ]; 	20: [ 16 1 14 11 25 20 ]; 	21: [ 16 1 14 11 22 19 21 ]; 	22: [ 16 1 14 11 22 ]; 	23: [ 16 1 14 11 10 6 18 23 ]; 	24: [ 16 1 14 11 24 ]; 	25: [ 16 1 14 11 25 ]; 
17 -> 	1: [ 17 6 18 23 14 11 10 1 ]; 	2: [ 17 6 18 23 2 ]; 	3: [ 17 6 18 23 2 5 12 3 ]; 	4: [ 17 6 4 ]; 	5: [ 17 6 18 23 2 5 ]; 	6: [ 17 6 ]; 	7: [ 17 7 ]; 	8: [ 17 6 8 ]; 	9: [ 17 6 18 23 15 9 ]; 	10: [ 17 6 18 23 14 11 10 ]; 	11: [ 17 6 18 23 14 11 ]; 	12: [ 17 6 18 23 2 5 12 ]; 	13: [ 17 6 18 23 13 ]; 	14: [ 17 6 18 23 14 ]; 	15: [ 17 6 18 23 15 ]; 	16: [ 17 6 18 23 2 5 16 ]; 	17: [ 17 ]; 	18: [ 17 6 18 ]; 	19: [ 17 6 18 23 14 11 22 19 ]; 	20: [ 17 6 18 23 14 11 25 20 ]; 	21: [ 17 6 18 23 14 11 22 19 21 ]; 	22: [ 17 6 18 23 14 11 22 ]; 	23: [ 17 6 18 23 ]; 	24: [ 17 6 18 23 14 11 24 ]; 	25: [ 17 6 18 23 14 11 25 ]; 
18 -> 	1: [ 18 23 14 11 10 1 ]; 	2: [ 18 23 2 ]; 	3: [ 18 23 2 5 12 3 ]; 	4: [ 18 23 4 ]; 	5: [ 18 23 2 5 ]; 	6: [ 18 23 14 11 10 6 ]; 	7: [ 18 23 2 5 12 7 ]; 	8: [ 18 23 14 11 10 6 8 ]; 	9: [ 18 23 15 9 ]; 	10: [ 18 23 14 11 10 ]; 	11: [ 18 23 14 11 ]; 	12: [ 18 23 2 5 12 ]; 	13: [ 18 23 13 ]; 	14: [ 18 23 14 ]; 	15: [ 18 23 15 ]; 	16: [ 18 23 2 5 16 ]; 	17: [ 18 23 14 11 22 19 17 ]; 	18: [ 18 ]; 	19: [ 18 23 14 11 22 19 ]; 	20: [ 18 23 14 11 25 20 ]; 	21: [ 18 23 14 11 22 19 21 ]; 	22: [ 18 23 14 11 22 ]; 	23: [ 18 23 ]; 	24: [ 18 23 14 11 24 ]; 	25: [ 18 23 14 11 25 ]; 
19 -> 	1: [ 19 21 22 1 ]; 	2: [ 19 6 18 23 2 ]; 	3: [ 19 21 3 ]; 	4: [ 19 6 4 ]; 	5: [ 19 6 18 23 2 5 ]; 	6: [ 19 6 ]; 	7: [ 19 17 7 ]; 	8: [ 19 6 8 ]; 	9: [ 19 6 18 23 15 9 ]; 	10: [ 19 6 18 23 14 11 10 ]; 	11: [ 19 6 18 23 14 11 ]; 	12: [ 19 6 18 23 2 5 12 ]; 	13: [ 19 6 18 23 13 ]; 	14: [ 19 6 18 23 14 ]; 	15: [ 19 6 18 23 15 ]; 	16: [ 19 16 ]; 	17: [ 19 17 ]; 	18: [ 19 6 18 ]; 	19: [ 19 ]; 	20: [ 19 6 18 23 14 11 25 20 ]; 	21: [ 19 21 ]; 	22: [ 19 21 22 ]; 	23: [ 19 6 18 23 ]; 	24: [ 19 6 18 23 14 11 24 ]; 	25: [ 19 6 18 23 14 11 25 ]; 
20 -> 	1: [ 20 10 1 ]; 	2: [ 20 10 6 18 23 2 ]; 	3: [ 20 3 ]; 	4: [ 20 10 6 4 ]; 	5: [ 20 10 1 14 12 5 ]; 	6: [ 20 10 6 ]; 	7: [ 20 19 17 7 ]; 	8: [ 20 10 6 8 ]; 	9: [ 20 10 6 18 23 15 9 ]; 	10: [ 20 10 ]; 	11: [ 20 10 1 14 11 ]; 	12: [ 20 10 1 14 12 ]; 	13: [ 20 10 6 18 23 13 ]; 	14: [ 20 10 1 14 ]; 	15: [ 20 10 6 18 23 15 ]; 	16: [ 20 19 16 ]; 	17: [ 20 19 17 ]; 	18: [ 20 10 6 18 ]; 	19: [ 20 19 ]; 	20: [ 20 ]; 	21: [ 20 19 21 ]; 	22: [ 20 10 1 14 11 22 ]; 	23: [ 20 10 6 18 23 ]; 	24: [ 20 10 1 14 11 24 ]; 	25: [ 20 25 ]; 
21 -> 	1: [ 21 22 1 ]; 	2: [ 21 22 19 6 18 23 2 ]; 	3: [ 21 3 ]; 	4: [ 21 22 19 6 4 ]; 	5: [ 21 3 5 ]; 	6: [ 21 22 19 6 ]; 	7: [ 21 22 19 17 7 ]; 	8: [ 21 22 19 6 8 ]; 	9: [ 21 22 19 6 18 23 15 9 ]; 	10: [ 21 22 1 14 11 10 ]; 	11: [ 21 22 1 14 11 ]; 	12: [ 21 22 1 14 12 ]; 	13: [ 21 22 19 6 18 23 13 ]; 	14: [ 21 22 1 14 ]; 	15: [ 21 22 19 6 18 23 15 ]; 	16: [ 21 22 19 16 ]; 	17: [ 21 22 19 17 ]; 	18: [ 21 22 19 6 18 ]; 	19: [ 21 22 19 ]; 	20: [ 21 22 1 14 11 25 20 ]; 	21: [ 21 ]; 	22: [ 21 22 ]; 	23: [ 21 22 19 6 18 23 ]; 	24: [ 21 22 1 14 11 24 ]; 	25: [ 21 22 1 14 11 25 ]; 
22 -> 	1: [ 22 1 ]; 	2: [ 22 19 6 18 23 2 ]; 	3: [ 22 1 14 12 3 ]; 	4: [ 22 19 6 4 ]; 	5: [ 22 1 14 12 5 ]; 	6: [ 22 19 6 ]; 	7: [ 22 19 17 7 ]; 	8: [ 22 19 6 8 ]; 	9: [ 22 19 6 18 23 15 9 ]; 	10: [ 22 1 14 11 10 ]; 	11: [ 22 1 14 11 ]; 	12: [ 22 1 14 12 ]; 	13: [ 22 19 6 18 23 13 ]; 	14: [ 22 1 14 ]; 	15: [ 22 19 6 18 23 15 ]; 	16: [ 22 19 16 ]; 	17: [ 22 19 17 ]; 	18: [ 22 19 6 18 ]; 	19: [ 22 19 ]; 	20: [ 22 1 14 11 25 20 ]; 	21: [ 22 19 21 ]; 	22: [ 22 ]; 	23: [ 22 19 6 18 23 ]; 	24: [ 22 1 14 11 24 ]; 	25: [ 22 1 14 11 25 ]; 
23 -> 	1: [ 23 14 11 10 1 ]; 	2: [ 23 2 ]; 	3: [ 23 2 5 12 3 ]; 	4: [ 23 4 ]; 	5: [ 23 2 5 ]; 	6: [ 23 14 11 10 6 ]; 	7: [ 23 2 5 12 7 ]; 	8: [ 23 14 11 10 6 8 ]; 	9: [ 23 15 9 ]; 	10: [ 23 14 11 10 ]; 	11: [ 23 14 11 ]; 	12: [ 23 2 5 12 ]; 	13: [ 23 13 ]; 	14: [ 23 14 ]; 	15: [ 23 15 ]; 	16: [ 23 2 5 16 ]; 	17: [ 23 14 11 22 19 17 ]; 	18: [ 23 14 11 10 6 18 ]; 	19: [ 23 14 11 22 19 ]; 	20: [ 23 14 11 25 20 ]; 	21: [ 23 14 11 22 19 21 ]; 	22: [ 23 14 11 22 ]; 	23: [ 23 ]; 	24: [ 23 14 11 24 ]; 	25: [ 23 14 11 25 ]; 
24 -> 	1: [ 24 2 23 14 11 10 1 ]; 	2: [ 24 2 ]; 	3: [ 24 2 5 12 3 ]; 	4: [ 24 2 23 4 ]; 	5: [ 24 2 5 ]; 	6: [ 24 2 23 14 11 10 6 ]; 	7: [ 24 2 5 12 7 ]; 	8: [ 24 2 23 14 11 10 6 8 ]; 	9: [ 24 2 23 15 9 ]; 	10: [ 24 2 23 14 11 10 ]; 	11: [ 24 2 23 14 11 ]; 	12: [ 24 2 5 12 ]; 	13: [ 24 2 23 13 ]; 	14: [ 24 2 23 14 ]; 	15: [ 24 2 23 15 ]; 	16: [ 24 2 5 16 ]; 	17: [ 24 2 23 14 11 22 19 17 ]; 	18: [ 24 2 23 14 11 10 6 18 ]; 	19: [ 24 2 23 14 11 22 19 ]; 	20: [ 24 2 23 14 11 25 20 ]; 	21: [ 24 2 23 14 11 22 19 21 ]; 	22: [ 24 2 23 14 11 22 ]; 	23: [ 24 2 23 ]; 	24: [ 24 ]; 	25: [ 24 2 23 14 11 25 ]; 
25 -> 	1: [ 25 1 ]; 	2: [ 25 1 14 11 10 6 18 23 2 ]; 	3: [ 25 12 3 ]; 	4: [ 25 1 14 11 10 6 4 ]; 	5: [ 25 12 5 ]; 	6: [ 25 1 14 11 10 6 ]; 	7: [ 25 12 7 ]; 	8: [ 25 1 14 11 10 6 8 ]; 	9: [ 25 1 14 11 10 6 18 23 15 9 ]; 	10: [ 25 1 14 11 10 ]; 	11: [ 25 1 14 11 ]; 	12: [ 25 12 ]; 	13: [ 25 1 14 11 10 6 18 23 13 ]; 	14: [ 25 1 14 ]; 	15: [ 25 1 14 11 10 6 18 23 15 ]; 	16: [ 25 1 14 11 22 19 16 ]; 	17: [ 25 1 14 11 22 19 17 ]; 	18: [ 25 1 14 11 10 6 18 ]; 	19: [ 25 1 14 11 22 19 ]; 	20: [ 25 20 ]; 	21: [ 25 1 14 11 22 19 21 ]; 	22: [ 25 1 14 11 22 ]; 	23: [ 25 1 14 11 10 6 18 23 ]; 	24: [ 25 1 14 11 24 ]; 	25: [ 25 ]; 
Computation took 0.568493 milliseconds

Sneaky Path from 4 to 9: [4, 1, 14, 11, 10, 6, 18, 23, 15, 9]

Minimum Cars Seen:
	1	2	3	4	5	6	7	8	9	10	11	12	13	14	15	16	17	18	19	20	21	22	23	24	25
1	0	0	0	0	0	0	0	0	0	0	0	0	0	95	0	0	0	0	0	0	0	0	0	0	0	
2	0	0	0	0	0	0	0	0	0	0	0	0	0	0	0	0	0	0	0	0	0	0	0	0	0	
3	97	0	0	0	0	0	0	0	0	0	0	0	0	95	476	0	0	0	0	0	0	0	0	0	0	
4	182	0	0	0	0	0	0	0	0	0	0	0	0	95	0	0	0	0	0	0	0	0	0	0	0	
5	0	0	0	0	0	0	0	0	0	0	0	0	0	0	0	369	0	0	0	0	0	0	0	0	0	
6	0	0	0	0	0	0	0	754	0	0	0	0	0	0	0	0	0	0	0	0	0	0	0	0	0	
7	0	0	0	0	0	0	0	0	0	0	0	0	0	933	0	0	0	0	0	0	0	0	0	0	0	
8	0	0	0	0	0	0	0	0	0	0	0	0	0	0	0	0	0	0	0	0	0	0	0	0	0	
9	0	0	95	0	90	0	95	0	0	0	0	95	0	0	0	0	0	0	0	0	0	0	0	0	0	
10	0	0	0	0	0	93	0	93	0	0	0	0	0	0	0	0	0	0	0	283	0	0	0	0	0	
11	0	0	0	0	0	0	0	0	0	0	0	0	0	0	0	0	0	0	0	0	0	0	0	384	0	
12	0	0	189	0	90	0	96	0	0	0	0	0	0	194	0	90	0	0	0	0	0	0	0	0	0	
13	0	0	0	0	4	99	0	99	0	0	0	0	0	0	0	4	0	0	0	0	0	0	0	0	0	
14	0	0	0	0	0	0	0	0	0	0	0	0	0	0	0	0	0	0	0	0	0	0	0	0	0	
15	0	0	0	0	0	0	0	0	0	0	0	0	0	0	0	0	0	0	0	0	0	2	0	0	0	
16	0	0	92	0	0	0	0	0	0	0	0	0	185	0	0	0	0	0	0	0	0	0	0	0	0	
17	0	0	0	0	0	201	97	201	0	0	0	0	0	0	0	0	0	0	0	0	0	0	0	0	0	
18	0	0	0	0	0	0	0	0	0	0	0	0	0	0	96	0	0	0	0	0	0	0	96	0	0	
19	0	0	0	0	0	93	0	93	0	0	0	0	0	0	0	385	0	0	0	0	0	0	0	0	0	
20	0	0	278	0	0	0	0	0	0	0	0	0	0	0	0	0	0	0	0	0	0	0	0	0	94	
21	0	0	284	0	0	0	0	0	0	0	0	0	0	0	0	0	0	0	0	0	0	99	0	0	0	
22	0	0	0	0	0	0	0	0	0	0	0	0	0	0	0	0	0	0	0	0	0	0	0	0	0	
23	0	0	0	0	0	0	0	0	0	0	0	0	0	0	96	0	0	0	0	0	0	0	0	0	0	
24	0	0	0	0	0	0	0	0	0	0	0	0	0	0	0	0	0	0	0	0	0	0	0	0	0	
25	0	0	92	0	90	0	92	0	0	0	0	92	0	0	0	0	0	0	0	282	0	0	0	0	0	
Computation took 0.197531 milliseconds

Maximum Cars Seen:
	1	2	3	4	5	6	7	8	9	10	11	12	13	14	15	16	17	18	19	20	21	22	23	24	25
1	0	96	189	95	95	95	96	754	96	95	95	95	96	95	96	385	95	95	95	282	95	95	96	384	95	
2	0	0	189	0	0	93	96	754	96	0	0	0	0	0	96	369	0	93	0	282	0	0	0	384	0	
3	97	97	0	97	0	97	96	754	476	97	97	0	97	97	476	369	97	97	97	282	97	97	97	384	97	
4	182	182	189	0	182	182	182	754	182	182	182	182	182	182	182	385	182	182	182	282	182	182	182	384	182	
5	194	194	189	194	0	194	96	754	194	194	194	0	194	194	194	369	194	194	194	282	194	194	194	384	194	
6	96	96	189	0	96	0	96	754	96	96	96	96	96	96	96	369	96	0	96	282	96	96	96	384	96	
7	933	933	933	933	933	933	0	933	933	933	933	933	933	933	933	933	933	933	933	933	933	933	933	933	933	
8	0	0	0	0	0	93	96	0	96	0	0	0	0	0	96	369	0	0	0	282	0	0	0	384	0	
9	0	96	189	95	95	95	96	754	0	95	95	95	96	95	96	385	95	95	95	282	95	95	96	384	95	
10	0	96	189	93	95	93	96	754	96	0	95	95	96	95	96	385	95	93	95	283	95	95	96	384	95	
11	0	96	189	93	92	93	97	754	96	0	0	92	96	95	96	385	0	93	0	282	0	0	96	384	0	
12	194	194	189	194	90	194	96	754	194	194	194	0	194	194	194	369	194	194	194	282	194	194	194	384	194	
13	99	99	189	99	4	99	96	754	99	99	99	4	0	99	99	369	99	99	99	282	99	99	99	384	99	
14	0	96	189	93	90	93	96	754	96	0	0	0	96	0	96	385	0	93	0	282	0	0	96	384	0	
15	0	96	189	93	0	93	96	754	0	95	95	0	96	95	0	369	2	93	2	282	2	2	96	384	95	
16	0	96	92	95	90	95	96	754	96	95	95	0	185	95	96	0	95	95	95	282	95	95	96	384	95	
17	201	201	201	201	201	201	97	754	201	201	201	201	201	201	201	369	0	201	201	282	201	201	201	384	201	
18	96	96	189	96	96	96	96	754	96	96	96	96	96	96	96	369	96	0	96	282	96	96	96	384	96	
19	99	96	284	93	96	93	97	754	96	96	96	96	96	96	96	385	0	93	0	282	0	99	96	384	96	
20	0	96	278	93	95	93	97	754	96	0	95	95	96	95	96	385	0	93	0	0	0	95	96	384	94	
21	99	99	284	99	284	99	99	754	99	99	99	99	99	99	99	385	99	99	99	282	0	99	99	384	99	
22	0	96	189	93	95	93	97	754	96	95	95	95	96	95	96	385	0	93	0	282	0	0	96	384	95	
23	0	0	189	0	0	93	96	754	96	0	0	0	0	0	96	369	0	93	0	282	0	0	0	384	0	
24	0	0	189	0	0	93	96	754	96	0	0	0	0	0	96	369	0	93	0	282	0	0	0	0	0	
25	0	96	189	95	92	95	96	754	96	95	95	92	96	95	96	385	95	95	95	282	95	95	96	384	0	
Computation took 0.19516 milliseconds

Average Cars Seen:
	1		2		3		4		5		6		7		8		9		10		11		12		13		14		15		16		17		18		19		20		21		22		23		24		25	
1	0.0		40.6		94.7		37.6		61.7		47.0		63.7		188.4		47.5		31.7		47.5		47.5		40.6		95.0		54.3		96.0		19.0		37.6		23.8		94.3		19.0		31.7		47.3		159.7		31.7		
2	0.0		0.0		63.0		0.0		0.0		18.6		32.0		141.2		32.0		0.0		0.0		0.0		0.0		0.0		48.0		184.5		0.0		15.5		0.0		56.4		0.0		0.0		0.0		96.0		0.0		
3	97.0		47.6		0.0		47.5		0.0		57.0		32.0		173.2		238.0		48.0		64.0		0.0		47.6		96.0		476.0		184.5		32.0		47.5		38.4		94.8		32.0		48.0		54.4		144.0		48.0		
4	182.0		58.3		116.5		0.0		91.8		74.0		93.3		187.3		62.4		69.3		92.3		92.3		58.3		138.5		70.3		110.3		46.2		61.7		55.4		111.8		46.2		69.3		66.6		165.3		69.3		
5	38.8		47.9		94.5		47.8		0.0		57.4		48.0		173.5		53.2		48.5		64.7		0.0		47.9		97.0		59.9		369.0		32.3		47.8		38.8		95.2		32.3		48.5		54.7		144.5		48.5		
6	16.0		32.0		47.5		0.0		24.0		0.0		32.0		754.0		48.0		19.2		24.0		19.2		32.0		32.0		64.0		93.0		13.7		0.0		16.0		63.0		13.7		19.2		48.0		96.0		19.2		
7	233.3		160.3		374.0		205.2		341.0		256.5		0.0		356.0		152.3		311.0		466.5		466.5		160.3		933.0		174.0		263.6		186.6		205.2		233.3		303.8		186.6		311.0		187.0		439.0		311.0		
8	0.0		0.0		0.0		0.0		0.0		18.6		24.0		0.0		32.0		0.0		0.0		0.0		0.0		0.0		48.0		123.0		0.0		0.0		0.0		56.4		0.0		0.0		0.0		96.0		0.0		
9	0.0		35.5		142.0		31.3		92.5		37.6		95.5		157.0		0.0		23.8		31.7		95.0		35.5		47.5		47.5		80.0		15.8		31.3		19.0		75.4		15.8		23.8		40.6		119.8		23.8		
10	0.0		47.3		71.0		46.5		46.3		93.0		47.8		423.5		57.0		0.0		31.7		31.7		47.3		47.5		71.3		80.0		15.8		46.5		19.0		283.0		15.8		23.8		63.0		119.8		23.8		
11	0.0		37.8		93.7		31.0		60.7		46.5		24.3		282.3		47.5		0.0		0.0		46.0		37.8		31.7		57.0		128.3		0.0		31.0		0.0		141.0		0.0		0.0		47.3		384.0		0.0		
12	48.5		54.7		189.0		57.4		90.0		71.8		96.0		208.2		59.9		64.7		97.0		0.0		54.7		194.0		68.4		229.5		38.8		57.4		48.5		119.0		38.8		64.7		63.8		192.7		64.7		
13	27.9		48.8		64.3		49.5		4.0		99.0		33.3		426.5		58.2		32.5		39.0		2.0		0.0		48.8		72.8		186.5		24.4		49.5		27.9		68.1		24.4		32.5		65.0		96.5		32.5		
14	0.0		31.5		94.5		23.3		45.0		31.0		48.0		211.8		40.7		0.0		0.0		0.0		31.5		0.0		47.5		96.3		0.0		23.3		0.0		94.0		0.0		0.0		37.8		192.0		0.0		
15	0.0		31.8		63.0		23.8		0.0		31.7		32.0		212.3		0.0		19.0		23.8		0.0		31.8		31.7		0.0		184.5		0.7		23.8		1.0		62.8		0.7		2.0		38.2		95.8		19.0		
16	0.0		35.5		92.0		31.3		45.0		37.6		48.0		157.0		42.2		23.8		31.7		0.0		185.0		47.5		47.5		0.0		15.8		31.3		19.0		75.4		15.8		23.8		40.6		119.8		23.8		
17	42.4		74.3		69.4		100.5		59.4		201.0		97.0		477.5		78.6		49.5		59.4		49.5		74.3		74.3		98.3		111.0		0.0		100.5		42.4		82.7		37.1		49.5		99.0		113.5		49.5		
18	19.2		48.0		57.0		48.0		32.0		37.8		38.4		157.2		64.0		24.0		32.0		24.0		48.0		48.0		96.0		116.3		16.0		0.0		19.2		75.6		16.0		24.0		96.0		120.0		24.0		
19	33.0		47.3		142.0		46.5		37.8		93.0		48.5		423.5		57.0		31.5		37.8		31.5		47.3		47.3		71.3		385.0		0.0		46.5		0.0		67.3		0.0		49.5		63.0		95.5		31.5		
20	0.0		37.8		278.0		31.0		37.0		46.5		32.3		282.3		47.5		0.0		23.8		23.8		37.8		31.7		57.0		192.5		0.0		31.0		0.0		0.0		0.0		19.0		47.3		95.8		94.0		
21	49.5		48.0		284.0		48.0		142.0		64.0		49.0		236.5		54.9		38.8		48.5		48.5		48.0		64.7		64.0		161.3		33.0		48.0		49.5		79.3		0.0		99.0		57.6		115.6		38.8		
22	0.0		37.8		71.0		31.0		46.3		46.5		32.3		282.3		47.5		23.8		31.7		31.7		37.8		47.5		57.0		192.5		0.0		31.0		0.0		75.4		0.0		0.0		47.3		119.8		23.8		
23	0.0		0.0		47.3		0.0		0.0		23.3		24.0		169.4		48.0		0.0		0.0		0.0		0.0		0.0		96.0		123.0		0.0		18.6		0.0		70.5		0.0		0.0		0.0		128.0		0.0		
24	0.0		0.0		47.3		0.0		0.0		15.5		24.0		121.0		24.0		0.0		0.0		0.0		0.0		0.0		32.0		123.0		0.0		13.3		0.0		47.0		0.0		0.0		0.0		0.0		0.0		
25	0.0		35.5		140.5		31.3		91.0		37.6		94.0		157.0		42.2		23.8		31.7		92.0		35.5		47.5		47.5		80.0		15.8		31.3		19.0		282.0		15.8		23.8		40.6		119.8		0.0		
Computation took 0.226766 milliseconds

Total running time for program: 3.553579 milliseconds
